0.0
0.006279051952931331
0.012533323356430412
0.018738131458572446
0.024868988716485456
0.03090169943749472
0.03681245526846776
0.04257792915650723
0.048175367410171484
0.05358267949789961
0.05877852522924726
0.06374239897486891
0.06845471059286881
0.07289686274214109
0.07705132427757887
0.08090169943749469
0.08443279255020146
0.08763066800438632
0.0904827052466019
0.09297764858882511
0.09510565162951533
0.0968583161128631
0.09822872507286885
0.09921147013144777
0.09980267284282715
0.1
0.09980267284282718
0.09921147013144781
0.0982287250728689
0.09685831611286315
0.0951056516295154
0.09297764858882519
0.09048270524660201
0.08763066800438642
0.08443279255020159
0.08090169943749483
0.077051324277579
0.07289686274214124
0.06845471059286899
0.0637423989748691
0.058778525229247425
0.05358267949789978
0.04817536741017164
0.04257792915650741
0.036812455268467936
0.03090169943749488
0.024868988716485612
0.018738131458572588
0.012533323356430587
0.006279051952931491
1.8988215193149856e-16
-0.0062790519529311575
-0.012533323356430254
-0.018738131458572258
-0.024868988716485286
-0.030901699437494563
-0.036812455268467624
-0.04257792915650711
-0.048175367410171345
-0.053582679497899494
-0.05877852522924716
-0.06374239897486883
-0.06845471059286874
-0.07289686274214101
-0.07705132427757883
-0.08090169943749463
-0.08443279255020139
-0.08763066800438629
-0.09048270524660186
-0.09297764858882508
-0.0951056516295153
-0.09685831611286305
-0.09822872507286884
-0.09921147013144777
-0.09980267284282715
-0.1
-0.09980267284282718
-0.09921147013144782
-0.09822872507286891
-0.09685831611286318
-0.09510565162951543
-0.09297764858882523
-0.09048270524660203
-0.08763066800438646
-0.08443279255020164
-0.08090169943749487
-0.07705132427757908
-0.07289686274214129
-0.06845471059286903
-0.06374239897486916
-0.05877852522924747
-0.05358267949789987
-0.04817536741017169
-0.04257792915650746
-0.03681245526846803
-0.030901699437494934
-0.02486898871648571
-0.018738131458572643
-0.012533323356430643
-0.006279051952931593
-2.0212861992297212e-16
0.0062790519529311
0.012533323356430155
0.018738131458572248
0.02486898871648523
0.030901699437494552
0.036812455268467575
0.042577929156507016
0.04817536741017134
0.053582679497899445
0.05877852522924715
0.06374239897486879
0.06845471059286866
0.07289686274214101
0.07705132427757877
0.08090169943749463
0.08443279255020138
0.08763066800438624
0.09048270524660186
0.09297764858882505
0.0951056516295153
0.09685831611286305
0.09822872507286882
0.09921147013144777
0.09980267284282715
0.1
0.09980267284282718
0.09921147013144782
0.09822872507286894
0.09685831611286316
0.09510565162951543
0.09297764858882523
0.09048270524660207
0.08763066800438651
0.08443279255020161
0.08090169943749487
0.07705132427757909
0.07289686274214134
0.0684547105928691
0.06374239897486911
0.05877852522924748
0.05358267949789987
0.04817536741017178
0.04257792915650756
0.036812455268468124
0.030901699437494948
0.024868988716485723
0.018738131458572744
0.012533323356430743
0.006279051952931693
2.1437508791444565e-16
-0.006279051952931088
-0.012533323356430141
-0.018738131458572147
-0.024868988716485133
-0.030901699437494542
-0.03681245526846757
-0.04257792915650701
-0.04817536741017125
-0.053582679497899355
-0.05877852522924714
-0.06374239897486877
-0.06845471059286866
-0.07289686274214094
-0.0770513242775787
-0.08090169943749462
-0.08443279255020138
-0.08763066800438622
-0.09048270524660182
-0.09297764858882501
-0.09510565162951529
-0.09685831611286305
-0.09822872507286882
-0.09921147013144775
-0.09980267284282714
-0.1
-0.09980267284282718
-0.09921147013144782
-0.09822872507286894
-0.09685831611286322
-0.09510565162951544
-0.09297764858882523
-0.09048270524660208
-0.08763066800438651
-0.08443279255020171
-0.08090169943749488
-0.0770513242775791
-0.07289686274214136
-0.0684547105928691
-0.06374239897486926
-0.058778525229247494
-0.05358267949789988
-0.04817536741017179
-0.04257792915650757
-0.03681245526846814
-0.030901699437494958
-0.024868988716485733
-0.018738131458572754
-0.012533323356430754
-0.006279051952931706
-4.0425723984594423e-16
0.006279051952930721
0.012533323356429777
0.018738131458571613
0.024868988716484436
0.03090169943749368
0.03681245526846656
0.04257792915650603
0.048175367410170145
0.05358267949789815
0.05877852522924584
0.0637423989748674
0.06845471059286735
0.07289686274213959
0.07705132427757733
0.08090169943749326
0.08443279255020003
0.08763066800438502
0.09048270524660068
0.09297764858882403
0.09510565162951436
0.09685831611286226
0.09822872507286823
0.09921147013144732
0.09980267284282693
0.1
0.09980267284282743
0.09921147013144832
0.0982287250728697
0.09685831611286422
0.0951056516295168
0.09297764858882696
0.09048270524660405
0.08763066800438885
0.08443279255020429
0.08090169943749792
0.07705132427758238
0.072896862742145
0.06845471059287314
0.06374239897487351
0.05877852522925225
0.05358267949790484
0.04817536741017709
0.042577929156513206
0.03681245526847393
0.03090169943750122
0.02486898871649211
0.0187381314585794
0.01253332335643764
0.0062790519529386316
7.52193106543842e-15
-0.006279051952923795
-0.012533323356422717
-0.01873813145856462
-0.024868988716477712
-0.03090169943748708
-0.03681245526845994
-0.04257792915649959
-0.048175367410164066
-0.05358267949789214
-0.058778525229240076
-0.06374239897486204
-0.06845471059286229
-0.07289686274213472
-0.07705132427757291
-0.08090169943748918
-0.08443279255019623
-0.08763066800438159
-0.09048270524659772
-0.09297764858882147
-0.09510565162951216
-0.09685831611286053
-0.09822872507286691
-0.09921147013144643
-0.09980267284282648
-0.1
-0.09980267284282787
-0.09921147013144921
-0.098228725072871
-0.09685831611286595
-0.095105651629519
-0.09297764858882951
-0.09048270524660701
-0.08763066800439227
-0.0844327925502081
-0.08090169943750199
-0.07705132427758682
-0.07289686274214989
-0.06845471059287819
-0.06374239897487886
-0.05877852522925801
-0.053582679497910846
-0.048175367410183176
-0.042577929156519645
-0.03681245526848055
-0.03090169943750782
-0.024868988716498834
-0.01873813145858639
-0.012533323356444526
-0.006279051952945558
-1.4639604891030894e-14
0.006279051952916691
0.01253332335641583
0.018738131458557978
0.02486898871647082
0.030901699437480314
0.036812455268453656
0.04257792915649315
0.04817536741015783
0.053582679497886435
0.05877852522923432
0.06374239897485656
0.06845471059285711
0.07289686274213009
0.07705132427756838
0.08090169943748499
0.08443279255019259
0.08763066800437816
0.09048270524659469
0.09297764858881885
0.09510565162951007
0.09685831611285876
0.09822872507286558
0.09921147013144559
0.09980267284282603
0.1
0.09980267284282829
0.0992114701314501
0.09822872507287234
0.09685831611286772
0.0951056516295211
0.09297764858883212
0.09048270524661005
0.08763066800439552
0.08443279255021191
0.08090169943750618
0.07705132427759134
0.07289686274215451
0.06845471059288337
0.06374239897488435
0.05877852522926348
0.05358267949791687
0.04817536741018941
0.042577929156525765
0.036812455268487164
0.030901699437514592
0.024868988716505724
0.018738131458593033
0.012533323356451588
0.006279051952952662
2.140200734874332e-14
-0.006279051952909589
-0.01253332335640877
-0.018738131458550987
-0.024868988716464268
-0.03090169943747354
-0.036812455268447036
-0.04257792915648703
-0.04817536741015159
-0.05358267949788042
-0.058778525229228856
-0.06374239897485108
-0.06845471059285192
-0.07289686274212522
-0.07705132427756406
-0.08090169943748081
-0.08443279255018879
-0.08763066800437491
-0.09048270524659166
-0.09297764858881624
-0.09510565162950786
-0.09685831611285699
-0.09822872507286425
-0.0992114701314447
-0.09980267284282561
-0.1
-0.09980267284282873
-0.09921147013145094
-0.09822872507287367
-0.09685831611286949
-0.0951056516295233
-0.09297764858883462
-0.09048270524661306
-0.08763066800439895
-0.08443279255021553
-0.08090169943751035
-0.07705132427759588
-0.07289686274215938
-0.06845471059288857
-0.06374239897488983
-0.058778525229269234
-0.05358267949792257
-0.04817536741019565
-0.042577929156532204
-0.03681245526849346
-0.030901699437521357
-0.02486898871651262
-0.018738131458600024
-0.012533323356458296
-0.006279051952959765
-2.8519681174335794e-14
0.006279051952902838
0.01253332335640206
0.018738131458544343
0.024868988716457718
0.030901699437467112
0.03681245526844075
0.04257792915648091
0.048175367410145664
0.05358267949787471
0.05877852522922338
0.06374239897484615
0.068454710592847
0.07289686274212058
0.07705132427755974
0.08090169943747683
0.08443279255018515
0.08763066800437164
0.09048270524658879
0.09297764858881374
0.09510565162950578
0.09685831611285539
0.09822872507286298
0.09921147013144384
0.09980267284282518
0.1
0.09980267284282918
0.0992114701314518
0.09822872507287495
0.09685831611287117
0.09510565162952539
0.0929776485888371
0.09048270524661595
0.08763066800440222
0.08443279255021915
0.08090169943751434
0.0770513242776002
0.07289686274216402
0.06845471059289324
0.06374239897489503
0.05877852522927471
0.053582679497928276
0.04817536741020157
0.042577929156538324
0.03681245526849974
0.030901699437527793
0.024868988716519172
0.018738131458606668
0.012533323356465004
0.0062790519529665155
3.5282083632048225e-14
-0.006279051952896089
-0.012533323356394996
-0.018738131458537352
-0.024868988716450824
-0.03090169943746068
-0.03681245526843413
-0.04257792915647447
-0.04817536741013974
-0.053582679497868706
-0.058778525229217615
-0.06374239897484067
-0.06845471059284179
-0.07289686274211571
-0.07705132427755522
-0.08090169943747286
-0.08443279255018135
-0.08763066800436822
-0.09048270524658591
-0.09297764858881112
-0.09510565162950357
-0.09685831611285363
-0.09822872507286172
-0.09921147013144295
-0.09980267284282474
-0.1
-0.09980267284282962
-0.09921147013145269
-0.09822872507287621
-0.09685831611287295
-0.09510565162952758
-0.09297764858883972
-0.09048270524661883
-0.08763066800440564
-0.08443279255022297
-0.0809016994375183
-0.07705132427760474
-0.07289686274216889
-0.06845471059289843
-0.06374239897490024
-0.05877852522928047
-0.0535826794979343
-0.048175367410207504
-0.042577929156544764
-0.03681245526850636
-0.030901699437534222
-0.024868988716526066
-0.01873813145861366
-0.012533323356472068
-0.006279051952973264
-4.23997574576407e-14
0.0062790519528889855
0.012533323356388288
0.01873813145853036
0.02486898871644393
0.03090169943745391
0.03681245526842785
0.04257792915646803
0.0481753674101335
0.053582679497862995
0.05877852522921187
0.06374239897483545
0.06845471059283686
0.07289686274211084
0.0770513242775509
0.08090169943746867
0.08443279255017754
0.08763066800436496
0.09048270524658288
0.0929776485888085
0.09510565162950149
0.09685831611285185
0.09822872507286032
0.0992114701314421
0.09980267284282429
0.1
0.09980267284283004
0.09921147013145358
0.09822872507287747
0.09685831611287463
0.09510565162952977
0.09297764858884221
0.09048270524662186
0.08763066800440907
0.08443279255022659
0.0809016994375225
0.07705132427760926
0.07289686274217352
0.06845471059290362
0.06374239897490601
0.05877852522928594
0.0535826794979403
0.048175367410214054
0.042577929156550884
0.03681245526851298
0.030901699437540654
0.024868988716532616
0.01873813145862065
0.012533323356478776
0.006279051952980368
4.951743128323317e-14
-0.0062790519528822366
-0.012533323356381227
-0.01873813145852337
-0.02486898871643738
-0.03090169943744714
-0.0368124552684209
-0.04257792915646191
-0.04817536741012726
-0.05358267949785668
-0.058778525229206395
-0.0637423989748297
-0.06845471059283194
-0.0728968627421062
-0.07705132427754613
-0.0809016994374647
-0.08443279255017391
-0.08763066800436137
-0.09048270524657999
-0.09297764858880601
-0.09510565162949919
-0.09685831611285017
-0.09822872507285905
-0.09921147013144116
-0.09980267284282386
-0.1
-0.09980267284283051
-0.09921147013145443
-0.09822872507287887
-0.09685831611287632
-0.09510565162953188
-0.09297764858884495
-0.09048270524662473
-0.08763066800441233
-0.0844327925502306
-0.08090169943752647
-0.07705132427761358
-0.07289686274217864
-0.06845471059290854
-0.06374239897491121
-0.05877852522929198
-0.05358267949794601
-0.04817536741021997
-0.04257792915655764
-0.03681245526851926
-0.03090169943754776
-0.024868988716539166
-0.01873813145862729
-0.01253332335648619
-0.006279051952987117
-5.62798337409456e-14
0.006279051952874779
0.01253332335637452
0.018738131458516726
0.024868988716430142
0.030901699437440713
0.03681245526841461
0.042577929156455155
0.048175367410121336
0.05358267949785098
0.058778525229200344
0.06374239897482448
0.0684547105928265
0.07289686274210158
0.07705132427754183
0.08090169943746031
0.08443279255017029
0.0876306680043581
0.09048270524657681
0.09297764858880353
0.09510565162949709
0.09685831611284831
0.09822872507285779
0.09921147013144033
0.0998026728428234
0.1
0.09980267284283094
0.09921147013145537
0.09822872507288014
0.09685831611287817
0.09510565162953397
0.09297764858884744
0.09048270524662792
0.08763066800441559
0.08443279255023423
0.08090169943753087
0.07705132427761789
0.07289686274218325
0.068454710592914
0.06374239897491643
0.058778525229297454
0.05358267949795231
0.048175367410225906
0.04257792915656376
0.036812455268526216
0.030901699437554192
0.024868988716546404
0.018738131458633935
0.012533323356492898
0.006279051952994575
6.304223619865802e-14
-0.00627905195286803
-0.012533323356367105
-0.018738131458510082
-0.024868988716423592
-0.0309016994374336
-0.036812455268408324
-0.042577929156449035
-0.04817536741011479
-0.053582679497845266
-0.05877852522919487
-0.06374239897481873
-0.06845471059282157
-0.07289686274209647
-0.07705132427753707
-0.08090169943745634
-0.08443279255016628
-0.08763066800435484
-0.09048270524657392
-0.09297764858880077
-0.095105651629495
-0.09685831611284663
-0.09822872507285638
-0.09921147013143948
-0.09980267284282297
-0.1
-0.09980267284283136
-0.0992114701314562
-0.09822872507288155
-0.09685831611287984
-0.09510565162953627
-0.0929776485888502
-0.0904827052466308
-0.08763066800441918
-0.08443279255023785
-0.08090169943753484
-0.07705132427762265
-0.0728968627421879
-0.06845471059291892
-0.06374239897492218
-0.05877852522930293
-0.05358267949795803
-0.04817536741023245
-0.04257792915656988
-0.0368124552685325
-0.030901699437561297
-0.02486898871655295
-0.018738131458641276
-0.012533323356500313
-0.006279051953001324
-7.051518139213055e-14
0.006279051952861281
0.012533323356360397
0.018738131458502744
0.024868988716417042
0.030901699437427172
0.03681245526840137
0.042577929156442915
0.04817536741010886
0.05358267949783895
0.05877852522918941
0.06374239897481351
0.06845471059281612
0.07289686274209183
0.07705132427753275
0.08090169943745194
0.08443279255016267
0.08763066800435125
0.09048270524657105
0.09297764858879828
0.0951056516294927
0.09685831611284496
0.09822872507285511
0.09921147013143854
0.09980267284282254
0.1
0.09980267284283183
0.09921147013145706
0.09822872507288281
0.0968583161128817
0.09510565162953837
0.09297764858885268
0.09048270524663399
0.08763066800442244
0.08443279255024186
0.08090169943753882
0.07705132427762695
0.07289686274219301
0.06845471059292385
0.0637423989749274
0.058778525229308966
0.05358267949796374
0.048175367410238375
0.04257792915657664
0.03681245526853879
0.030901699437567733
0.02486898871656019
0.018738131458647916
0.012533323356507024
0.006279051953008781
7.727758384984297e-14
-0.006279051952853822
-0.012533323356353685
-0.0187381314584961
-0.0248689887164098
-0.03090169943742074
-0.036812455268395085
-0.042577929156436156
-0.04817536741010294
-0.05358267949783324
-0.05877852522918336
-0.06374239897480831
-0.06845471059281119
-0.07289686274208672
-0.07705132427752845
-0.08090169943744796
-0.08443279255015866
-0.08763066800434799
-0.09048270524656787
-0.0929776485887958
-0.0951056516294906
-0.0968583161128431
-0.09822872507285385
-0.09921147013143769
-0.09980267284282207
-0.1
-0.09980267284283224
-0.099211470131458
-0.09822872507288408
-0.09685831611288338
-0.09510565162954067
-0.09297764858885518
-0.09048270524663686
-0.08763066800442604
-0.08443279255024548
-0.0809016994375432
-0.07705132427763127
-0.07289686274219763
-0.0684547105929293
-0.0637423989749326
-0.05877852522931444
-0.05358267949797005
-0.0481753674102443
-0.04257792915658276
-0.036812455268545735
-0.030901699437574162
-0.02486898871656674
-0.018738131458655258
-0.012533323356513732
-0.006279051953015532
-8.47505290433155e-14
0.006279051952847073
0.012533323356346271
0.018738131458489456
0.024868988716403254
0.030901699437413634
0.0368124552683888
0.042577929156430036
0.04817536741009639
0.05358267949782754
0.05877852522917788
0.06374239897480255
0.06845471059280626
0.0728968627420821
0.07705132427752369
0.08090169943744399
0.08443279255015504
0.08763066800434438
0.09048270524656499
0.09297764858879304
0.09510565162948852
0.0968583161128414
0.09822872507285245
0.09921147013143683
0.09980267284282165
0.1
0.09980267284283267
0.09921147013145884
0.09822872507288548
0.09685831611288508
0.09510565162954276
0.09297764858885793
0.09048270524663975
0.08763066800442931
0.08443279255024949
0.08090169943754717
0.07705132427763604
0.07289686274220226
0.06845471059293423
0.06374239897493837
0.058778525229319915
0.053582679497975766
0.04817536741025085
0.04257792915658888
0.03681245526855203
0.03090169943758127
0.024868988716573292
0.018738131458661902
0.012533323356521145
0.00627905195302228
9.151293150102793e-14
-0.006279051952839615
-0.012533323356339563
-0.018738131458482115
-0.024868988716396704
-0.0309016994374072
-0.03681245526838185
-0.042577929156423916
-0.04817536741009046
-0.05358267949782122
-0.05877852522917242
-0.06374239897479733
-0.06845471059280081
-0.07289686274207746
-0.07705132427751937
-0.08090169943743959
-0.0844327925501514
-0.08763066800434113
-0.09048270524656182
-0.09297764858879055
-0.0951056516294862
-0.09685831611283974
-0.09822872507285119
-0.0992114701314359
-0.09980267284282124
-0.1
-0.09980267284283315
-0.0992114701314597
-0.09822872507288674
-0.09685831611288692
-0.09510565162954485
-0.09297764858886043
-0.09048270524664292
-0.08763066800443256
-0.0844327925502531
-0.08090169943755157
-0.07705132427764035
-0.07289686274220739
-0.06845471059293916
-0.06374239897494358
-0.05877852522932595
-0.05358267949798147
-0.04817536741025678
-0.04257792915659564
-0.03681245526855831
-0.0309016994375877
-0.02486898871658053
-0.018738131458668546
-0.012533323356527855
-0.006279051953029738
-9.827533395874036e-14
0.006279051952832866
0.01253332335633215
0.018738131458475474
0.024868988716389467
0.030901699437400773
0.03681245526837556
0.04257792915641715
0.04817536741008454
0.05358267949781551
0.05877852522916637
0.06374239897479213
0.06845471059279588
0.07289686274207234
0.07705132427751506
0.08090169943743562
0.0844327925501474
0.08763066800433787
0.09048270524655894
0.0929776485887878
0.09510565162948412
0.09685831611283786
0.09822872507284991
0.09921147013143505
0.09980267284282075
0.1
0.09980267284283356
0.09921147013146063
0.098228725072888
0.09685831611288861
0.09510565162954715
0.09297764858886291
0.09048270524664581
0.08763066800443615
0.08443279255025672
0.08090169943755554
0.0770513242776451
0.072896862742212
0.0684547105929446
0.06374239897494878
0.05877852522933143
0.05358267949798778
0.0481753674102627
0.04257792915660176
0.03681245526856526
0.030901699437594132
0.02486898871658708
0.018738131458675884
0.012533323356534563
0.006279051953036487
1.0574827915221289e-13
-0.006279051952826117
-0.01253332335632544
-0.018738131458468133
-0.024868988716382916
-0.03090169943739366
-0.03681245526836928
-0.04257792915641104
-0.04817536741007799
-0.05358267949780981
-0.0587785252291609
-0.06374239897478637
-0.06845471059279094
-0.07289686274206772
-0.0770513242775103
-0.08090169943743164
-0.08443279255014378
-0.08763066800433428
-0.09048270524655605
-0.09297764858878532
-0.09510565162948181
-0.09685831611283618
-0.09822872507284852
-0.09921147013143411
-0.09980267284282034
-0.1
-0.09980267284283399
-0.09921147013146148
-0.0982287250728894
-0.0968583161128903
-0.09510565162954926
-0.09297764858886566
-0.09048270524664868
-0.08763066800443942
-0.08443279255026073
-0.08090169943755952
-0.07705132427764942
-0.07289686274221713
-0.06845471059294954
-0.06374239897495454
-0.05877852522933748
-0.053582679497993495
-0.04817536741026925
-0.04257792915660788
-0.03681245526857155
-0.030901699437601238
-0.02486898871659363
-0.018738131458682528
-0.012533323356541979
-0.006279051953043235
-1.1251068160992532e-13
0.006279051952818658
0.01253332335631873
0.018738131458461493
0.024868988716375676
0.030901699437387232
0.036812455268362326
0.04257792915640427
0.04817536741007206
0.0535826794978035
0.05877852522915542
0.06374239897478116
0.0684547105927855
0.07289686274206308
0.077051324277506
0.08090169943742725
0.08443279255014016
0.087630668004331
0.09048270524655287
0.09297764858878282
0.09510565162947993
0.09685831611283434
0.09822872507284724
0.09921147013143336
0.09980267284281986
0.1
0.09980267284283442
0.09921147013146242
0.09822872507289067
0.09685831611289197
0.09510565162955156
0.09297764858886814
0.09048270524665156
0.08763066800444302
0.08443279255026435
0.08090169943756349
0.07705132427765418
0.07289686274222176
0.06845471059295447
0.0637423989749603
0.05877852522934295
0.0535826794979992
0.048175367410275796
0.04257792915661464
0.036812455268577834
0.030901699437608343
0.024868988716600867
0.01873813145868917
0.012533323356549393
0.006279051953050695
1.1927308406763772e-13
-0.006279051952812619
-0.012533323356311316
-0.01873813145845485
-0.024868988716369816
-0.030901699437380126
-0.03681245526835604
-0.0425779291563988
-0.04817536741006551
-0.05358267949779778
-0.05877852522914996
-0.06374239897477539
-0.06845471059278056
-0.07289686274205846
-0.07705132427750122
-0.08090169943742329
-0.08443279255013653
-0.08763066800432741
-0.09048270524655
-0.09297764858878033
-0.0951056516294774
-0.09685831611283265
-0.09822872507284597
-0.09921147013143233
-0.09980267284281945
-0.1
-0.09980267284283494
-0.09921147013146325
-0.09822872507289195
-0.09685831611289401
-0.09510565162955364
-0.09297764858887064
-0.09048270524665504
-0.08763066800444627
-0.08443279255026798
-0.08090169943756748
-0.0770513242776585
-0.07289686274222638
-0.06845471059295939
-0.06374239897496552
-0.05877852522934841
-0.05358267949800491
-0.04817536741028172
-0.04257792915662076
-0.03681245526858412
-0.03090169943761478
-0.024868988716607417
-0.018738131458695812
-0.012533323356556101
-0.006279051953057444
-1.2603548652535014e-13
0.0062790519528044516
0.012533323356304608
0.018738131458448208
0.024868988716361888
0.030901699437373694
0.03681245526834975
0.04257792915639139
0.04817536741005959
0.05358267949779208
0.058778525229143334
0.06374239897477019
0.06845471059277564
0.07289686274205286
0.0770513242774969
0.08090169943741932
0.08443279255013214
0.08763066800432416
0.09048270524654711
0.09297764858877784
0.09510565162947532
0.09685831611283097
0.0982287250728447
0.09921147013143149
0.09980267284281902
0.1
0.09980267284283535
0.0992114701314641
0.09822872507289321
0.09685831611289569
0.09510565162955574
0.09297764858887313
0.09048270524665791
0.08763066800444953
0.0844327925502716
0.08090169943757228
0.07705132427766281
0.07289686274223102
0.06845471059296536
0.06374239897497072
0.05877852522935389
0.05358267949801181
0.048175367410287655
0.04257792915662688
0.03681245526859173
0.03090169943762121
0.024868988716613968
0.01873813145870385
0.01253332335656281
0.006279051953064193
1.3421897445458278e-13
-0.006279051952797703
-0.0125333233562979
-0.018738131458440166
-0.02486898871635534
-0.030901699437367258
-0.036812455268343466
-0.04257792915638528
-0.04817536741005366
-0.05358267949778637
-0.058778525229137873
-0.06374239897476498
-0.06845471059277071
-0.07289686274204824
-0.0770513242774926
-0.08090169943741533
-0.08443279255012853
-0.0876306680043209
-0.09048270524654423
-0.09297764858877483
-0.09510565162947322
-0.09685831611282929
-0.09822872507284318
-0.09921147013143064
-0.09980267284281859
-0.1
-0.09980267284283578
-0.09921147013146496
-0.09822872507289475
-0.09685831611289737
-0.09510565162955782
-0.09297764858887614
-0.0904827052466608
-0.0876306680044528
-0.08443279255027598
-0.08090169943757625
-0.07705132427766712
-0.07289686274223661
-0.0684547105929703
-0.06374239897497593
-0.05877852522935936
-0.05358267949801753
-0.048175367410293574
-0.042577929156633
-0.03681245526859802
-0.03090169943762764
-0.024868988716620518
-0.018738131458710495
-0.012533323356569518
-0.0062790519530709415
-1.4098137691229522e-13
0.0062790519527909545
0.01253332335629119
0.018738131458433525
0.02486898871634879
0.030901699437360833
0.036812455268335854
0.04257792915637915
0.048175367410047736
0.05358267949777945
0.0587785252291324
0.06374239897475976
0.06845471059276474
0.0728968627420436
0.07705132427748829
0.08090169943741052
0.08443279255012491
0.08763066800431764
0.09048270524654074
0.09297764858877233
0.09510565162947114
0.09685831611282725
0.09822872507284192
0.0992114701314298
0.09980267284281817
0.1
0.09980267284283621
0.0992114701314658
0.09822872507289601
0.09685831611289905
0.09510565162955992
0.09297764858887864
0.09048270524666369
0.08763066800445606
0.0844327925502796
0.08090169943758023
0.07705132427767142
0.07289686274224125
0.06845471059297523
0.06374239897498114
0.058778525229365976
0.053582679498023235
0.048175367410299506
0.0425779291566404
0.036812455268604306
0.030901699437634073
0.024868988716628446
0.018738131458717135
0.01253332335657623
0.006279051953079109
1.4774377937000764e-13
-0.006279051952784204
-0.01253332335628307
-0.01873813145842688
-0.02486898871634224
-0.030901699437353047
-0.03681245526832957
-0.04257792915637304
-0.04817536741004181
-0.05358267949777375
-0.058778525229126924
-0.06374239897475456
-0.06845471059275982
-0.07289686274203898
-0.07705132427748398
-0.08090169943740655
-0.08443279255012127
-0.08763066800431438
-0.09048270524653787
-0.09297764858876985
-0.09510565162946905
-0.09685831611282557
-0.09822872507284064
-0.09921147013142895
-0.09980267284281766
-0.1
-0.09980267284283663
-0.09921147013146682
-0.09822872507289727
-0.09685831611290074
-0.09510565162956244
-0.09297764858888112
-0.09048270524666657
-0.08763066800446
-0.08443279255028324
-0.0809016994375842
-0.07705132427767664
-0.07289686274224587
-0.06845471059298015
-0.06374239897498744
-0.05877852522937145
-0.053582679498028946
-0.048175367410305425
-0.04257792915664652
-0.03681245526861059
-0.0309016994376405
-0.024868988716634996
-0.01873813145872378
-0.012533323356582938
-0.006279051953085858
-1.5450618182772006e-13
0.006279051952777455
0.012533323356276362
0.01873813145842024
0.02486898871633569
0.030901699437346615
0.03681245526832328
0.04257792915636692
0.04817536741003464
0.05358267949776804
0.05877852522912145
0.06374239897474825
0.06845471059275489
0.07289686274203434
0.07705132427747877
0.08090169943740257
0.08443279255011765
0.08763066800431044
0.090482705246535
0.09297764858876736
0.09510565162946652
0.09685831611282389
0.09822872507283938
0.09921147013142792
0.09980267284281723
0.1
0.09980267284283706
0.09921147013146768
0.09822872507289854
0.09685831611290241
0.09510565162956454
0.0929776485888836
0.09048270524666945
0.08763066800446324
0.08443279255028685
0.08090169943758818
0.07705132427768095
0.0728968627422505
0.06845471059298508
0.06374239897499266
0.058778525229376925
0.05358267949803466
0.0481753674103126
0.04257792915665264
0.03681245526861688
0.030901699437648283
0.024868988716641546
0.01873813145873042
0.012533323356591056
0.006279051953092607
1.612685842854325e-13
-0.006279051952769288
-0.012533323356269652
-0.018738131458413597
-0.024868988716327763
-0.030901699437340186
-0.036812455268316994
-0.042577929156359516
-0.048175367410028716
-0.05358267949776233
-0.058778525229115974
-0.06374239897474304
-0.06845471059274996
-0.07289686274202971
-0.07705132427747445
-0.0809016994373986
-0.08443279255011404
-0.08763066800430719
-0.09048270524653211
-0.09297764858876488
-0.09510565162946444
-0.0968583161128222
-0.09822872507283811
-0.09921147013142707
-0.0998026728428168
-0.1
-0.09980267284283756
-0.09921147013146853
-0.09822872507289981
-0.09685831611290446
-0.09510565162956663
-0.0929776485888861
-0.09048270524667293
-0.0876306680044665
-0.08443279255029049
-0.080901699437593
-0.07705132427768527
-0.07289686274225514
-0.06845471059299105
-0.06374239897499787
-0.058778525229382386
-0.05358267949804157
-0.048175367410318526
-0.042577929156658756
-0.036812455268623166
-0.03090169943765472
-0.024868988716648093
-0.018738131458737064
-0.012533323356597764
-0.006279051953099356
-1.6803098674314492e-13
0.00627905195276254
0.012533323356262943
0.018738131458406953
0.024868988716321212
0.030901699437333754
0.03681245526831071
0.042577929156353396
0.04817536741002279
0.053582679497756615
0.05877852522910936
0.06374239897473784
0.06845471059274504
0.0728968627420241
0.07705132427747013
0.08090169943739461
0.08443279255010966
0.08763066800430391
0.09048270524652924
0.09297764858876185
0.09510565162946233
0.09685831611282053
0.09822872507283657
0.09921147013142623
0.09980267284281638
0.1
0.099802672842838
0.09921147013146937
0.09822872507290109
0.09685831611290613
0.09510565162956872
0.09297764858888859
0.0904827052466758
0.08763066800446977
0.08443279255029411
0.08090169943759697
0.07705132427768957
0.07289686274225976
0.06845471059299597
0.06374239897500308
0.05877852522938786
0.05358267949804727
0.04817536741032445
0.042577929156664876
0.03681245526863078
0.03090169943766115
0.024868988716654643
0.018738131458745103
0.012533323356604474
0.006279051953106105
1.7621447467237753e-13
-0.006279051952755791
-0.012533323356256235
-0.018738131458398918
-0.024868988716314662
-0.030901699437327318
-0.036812455268303096
-0.042577929156347276
-0.04817536741001686
-0.05358267949774971
-0.05877852522910389
-0.06374239897473262
-0.06845471059273907
-0.07289686274201948
-0.07705132427746583
-0.08090169943739065
-0.08443279255010602
-0.08763066800430067
-0.09048270524652635
-0.09297764858875937
-0.09510565162946025
-0.09685831611281884
-0.09822872507283531
-0.09921147013142538
-0.09980267284281596
-0.1
-0.09980267284283842
-0.09921147013147022
-0.09822872507290262
-0.09685831611290782
-0.0951056516295708
-0.0929776485888916
-0.09048270524667867
-0.08763066800447303
-0.0844327925502985
-0.08090169943760095
-0.07705132427769389
-0.07289686274226537
-0.0684547105930009
-0.06374239897500829
-0.05877852522939449
-0.05358267949805298
-0.04817536741033038
-0.04257792915667228
-0.036812455268637065
-0.03090169943766758
-0.02486898871666257
-0.018738131458751747
-0.012533323356611184
-0.006279051953112855
-1.8297687713008995e-13
0.00627905195274904
0.012533323356249524
0.018738131458392274
0.024868988716308115
0.030901699437320893
0.03681245526829681
0.042577929156341156
0.04817536741001094
0.05358267949774401
0.058778525229098426
0.06374239897472742
0.06845471059273414
0.07289686274201485
0.07705132427746153
0.08090169943738584
0.0844327925501024
0.08763066800429742
0.09048270524652287
0.09297764858875689
0.09510565162945817
0.09685831611281681
0.09822872507283403
0.09921147013142453
0.09980267284281544
0.1
0.09980267284283884
0.09921147013147125
0.09822872507290388
0.0968583161129095
0.09510565162957334
0.09297764858889408
0.09048270524668156
0.08763066800447628
0.08443279255030212
0.08090169943760492
0.07705132427769819
0.07289686274226999
0.06845471059300583
0.06374239897501349
0.05877852522939995
0.0535826794980587
0.0481753674103363
0.0425779291566784
0.03681245526864335
0.030901699437674013
0.02486898871666912
0.018738131458758387
0.012533323356617894
0.006279051953121022
1.8973927958780242e-13
-0.006279051952742292
-0.012533323356241405
-0.01873813145838563
-0.024868988716301565
-0.030901699437313107
-0.03681245526829052
-0.04257792915633504
-0.048175367410003764
-0.05358267949773829
-0.05877852522909295
-0.0637423989747211
-0.06845471059272921
-0.07289686274201022
-0.07705132427745631
-0.08090169943738186
-0.08443279255009878
-0.08763066800429414
-0.09048270524651998
-0.0929776485887544
-0.09510565162945607
-0.09685831611281513
-0.09822872507283277
-0.09921147013142367
-0.09980267284281502
-0.1
-0.09980267284283927
-0.0992114701314721
-0.09822872507290514
-0.09685831611291118
-0.09510565162957542
-0.09297764858889658
-0.09048270524668445
-0.08763066800448022
-0.08443279255030574
-0.08090169943760889
-0.0770513242777034
-0.07289686274227462
-0.06845471059301077
-0.0637423989750198
-0.05877852522940542
-0.0535826794980644
-0.04817536741034348
-0.04257792915668452
-0.036812455268649645
-0.0309016994376818
-0.024868988716675672
-0.01873813145876503
-0.012533323356626012
-0.006279051953127771
-1.965016820455148e-13
0.006279051952735543
0.012533323356236107
0.018738131458380384
0.024868988716297766
0.030901699437310734
0.036812455268289516
0.042577929156334064
0.04817536741000531
0.05358267949773979
0.058778525229095525
0.06374239897472465
0.0684547105927336
0.07289686274201435
0.07705132427746196
0.08090169943738708
0.08443279255010354
0.08763066800429911
0.09048270524652498
0.09297764858875923
0.09510565162946012
0.0968583161128191
0.09822872507283577
0.09921147013142587
0.09980267284281619
0.1
0.099802672842838
0.09921147013146919
0.09822872507290081
0.09685831611290543
0.09510565162956741
0.09297764858888703
0.09048270524667279
0.08763066800446637
0.08443279255028957
0.08090169943759115
0.07705132427768235
0.07289686274225202
0.06845471059298565
0.06374239897499216
0.05877852522937526
0.053582679498032915
0.048175367410309554
0.04257792915664821
0.03681245526861232
0.030901699437640925
0.024868988716634045
0.01873813145872142
0.012533323356580554
0.006279051953080626
1.4926283658545963e-13
-0.006279051952784107
-0.012533323356284383
-0.018738131458429577
-0.024868988716344895
-0.030901699437357006
-0.03681245526833476
-0.04257792915637809
-0.04817536741004795
-0.053582679497780866
-0.0587785252291349
-0.06374239897476215
-0.06845471059276907
-0.07289686274204765
-0.07705132427749298
-0.08090169943741568
-0.08443279255013036
-0.08763066800432255
-0.0904827052465457
-0.09297764858877715
-0.09510565162947517
-0.0968583161128312
-0.09822872507284489
-0.09921147013143196
-0.09980267284281925
-0.1
-0.09980267284283495
-0.0992114701314631
-0.09822872507289171
-0.09685831611289299
-0.09510565162955237
-0.09297764858886913
-0.09048270524665208
-0.08763066800444291
-0.08443279255026348
-0.08090169943756254
-0.07705132427765134
-0.07289686274221871
-0.06845471059295018
-0.06374239897495468
-0.05877852522933589
-0.05358267949799183
-0.048175367410265665
-0.042577929156604175
-0.03681245526856708
-0.030901699437594646
-0.024868988716586913
-0.01873813145867362
-0.012533323356532278
-0.006279051953032061
-1.0060290565388424e-13
0.006279051952832671
0.01253332335633266
0.018738131458477376
0.024868988716392027
0.03090169943740464
0.03681245526838001
0.04257792915642212
0.0481753674100906
0.05358267949782195
0.05877852522917426
0.06374239897479965
0.06845471059280454
0.07289686274208097
0.077051324277524
0.08090169943744428
0.08443279255015644
0.08763066800434599
0.09048270524656701
0.09297764858879505
0.0951056516294902
0.09685831611284329
0.098228725072854
0.09921147013143805
0.09980267284282231
0.1
0.0998026728428319
0.099211470131457
0.09822872507288259
0.09685831611288089
0.09510565162953734
0.09297764858885069
0.09048270524663136
0.08763066800441949
0.08443279255023742
0.08090169943753395
0.07705132427762032
0.07289686274218539
0.0684547105929147
0.06374239897491718
0.058778525229296524
0.05358267949795075
0.04817536741022302
0.04257792915656015
0.03681245526852052
0.030901699437548363
0.02486898871653978
0.018738131458625823
0.012533323356484003
0.006279051952983498
5.1942974722308836e-14
-0.006279051952881235
-0.012533323356380936
-0.018738131458525174
-0.02486898871643916
-0.030901699437450914
-0.03681245526842525
-0.04257792915646744
-0.04817536741013323
-0.05358267949786303
-0.05877852522921362
-0.06374239897483713
-0.06845471059284002
-0.07289686274211428
-0.07705132427755501
-0.08090169943747288
-0.08443279255018252
-0.08763066800436943
-0.09048270524658773
-0.09297764858881297
-0.09510565162950568
-0.09685831611285539
-0.09822872507286312
-0.09921147013144416
-0.09980267284282536
-0.1
-0.09980267284282883
-0.0992114701314509
-0.09822872507287347
-0.09685831611286878
-0.09510565162952231
-0.09297764858883278
-0.09048270524661065
-0.08763066800439535
-0.08443279255021134
-0.08090169943750534
-0.07705132427758932
-0.07289686274215208
-0.06845471059287923
-0.0637423989748797
-0.05877852522925715
-0.05358267949790966
-0.048175367410180386
-0.04257792915651612
-0.03681245526847528
-0.03090169943750209
-0.024868988716491274
-0.018738131458578024
-0.012533323356435725
-0.006279051952934933
-3.283043790733448e-15
0.006279051952929798
0.012533323356429212
0.018738131458572973
0.024868988716486292
0.030901699437497196
0.03681245526847049
0.042577929156511464
0.048175367410175876
0.05358267949790532
0.05877852522925299
0.06374239897487463
0.06845471059287549
0.07289686274214759
0.07705132427758603
0.08090169943750147
0.08443279255020858
0.08763066800439288
0.09048270524660845
0.09297764858883088
0.09510565162952071
0.09685831611286749
0.0982287250728725
0.09921147013145026
0.09980267284282841
0.1
0.09980267284282578
0.09921147013144481
0.09822872507286434
0.09685831611285668
0.09510565162950727
0.09297764858881485
0.09048270524658993
0.08763066800437191
0.08443279255018526
0.0809016994374759
0.07705132427755829
0.07289686274211878
0.06845471059284376
0.0637423989748422
0.05877852522921778
0.05358267949786858
0.04817536741013774
0.04257792915647209
0.036812455268430036
0.030901699437455812
0.024868988716444145
0.01873813145853023
0.01253332335638604
0.0062790519528863695
-4.537688714084194e-14
-0.006279051952978363
-0.012533323356477489
-0.018738131458620768
-0.024868988716533424
-0.030901699437543475
-0.03681245526851573
-0.04257792915655549
-0.048175367410218516
-0.05358267949794641
-0.05877852522929236
-0.06374239897491323
-0.06845471059291096
-0.07289686274218186
-0.07705132427761704
-0.08090169943753008
-0.08443279255023466
-0.08763066800441632
-0.09048270524662917
-0.0929776485888488
-0.09510565162953576
-0.0968583161128796
-0.09822872507288162
-0.09921147013145636
-0.09980267284283156
-0.1
-0.09980267284282263
-0.0992114701314387
-0.09822872507285524
-0.09685831611284458
-0.09510565162949224
-0.09297764858879695
-0.0904827052465692
-0.08763066800434847
-0.08443279255015919
-0.0809016994374473
-0.07705132427752727
-0.0728968627420845
-0.06845471059280829
-0.0637423989748036
-0.05877852522917842
-0.053582679497827496
-0.0481753674100951
-0.04257792915642806
-0.03681245526838479
-0.03090169943740953
-0.024868988716397013
-0.01873813145848243
-0.012533323356337764
-0.006279051952837806
9.545790354393754e-14
0.006279051953026926
0.012533323356527175
0.018738131458668567
0.024868988716580553
0.030901699437589754
0.03681245526856097
0.042577929156599525
0.048175367410261155
0.053582679497987486
0.058778525229331725
0.06374239897495071
0.06845471059294643
0.07289686274221518
0.07705132427764806
0.08090169943755952
0.08443279255026073
0.08763066800443976
0.09048270524664989
0.0929776485888667
0.09510565162955079
0.0968583161128917
0.09822872507289074
0.09921147013146246
0.09980267284283462
0.1
0.09980267284281957
0.09921147013143261
0.09822872507284586
0.09685831611283248
0.09510565162947719
0.09297764858877904
0.0904827052465485
0.08763066800432502
0.08443279255013313
0.0809016994374187
0.07705132427749625
0.07289686274205119
0.06845471059277282
0.06374239897476612
0.05877852522913906
0.0535826794977852
0.04817536741005246
0.04257792915638403
0.036812455268339546
0.03090169943736325
0.02486898871634988
0.018738131458434632
0.012533323356289486
0.0062790519527892415
-1.4411783447551293e-13
-0.006279051953075491
-0.012533323356575449
-0.018738131458716365
-0.02486898871662906
-0.03090169943763603
-0.03681245526860622
-0.042577929156643546
-0.048175367410303795
-0.05358267949802858
-0.0587785252293711
-0.06374239897498821
-0.0684547105929819
-0.07289686274224849
-0.07705132427767908
-0.08090169943758813
-0.0844327925502868
-0.0876306680044639
-0.09048270524667061
-0.09297764858888462
-0.09510565162956583
-0.0968583161129038
-0.09822872507289987
-0.09921147013146855
-0.09980267284283767
-0.1
-0.09980267284281652
-0.0992114701314265
-0.09822872507283673
-0.09685831611282038
-0.09510565162946172
-0.09297764858876112
-0.09048270524652777
-0.08763066800430158
-0.08443279255010705
-0.0809016994373901
-0.07705132427746525
-0.07289686274201787
-0.06845471059273735
-0.06374239897472862
-0.05877852522909969
-0.053582679497744125
-0.04817536741000982
-0.04257792915633872
-0.036812455268294304
-0.03090169943731698
-0.024868988716302748
-0.018738131458386834
-0.012533323356241211
-0.006279051952740678
1.927777654070883e-13
