0.0
0.030901699437494712
0.05877852522924726
0.08090169943749469
0.09510565162951533
0.1
0.09510565162951543
0.08090169943749488
0.058778525229247536
0.030901699437495052
3.675178358715236e-16
-0.03090169943749435
-0.05877852522924694
-0.08090169943749442
-0.09510565162951519
-0.1
-0.09510565162951554
-0.08090169943749508
-0.05877852522924776
-0.030901699437495274
-5.573999878030222e-16
0.030901699437494212
0.05877852522924686
0.08090169943749442
0.09510565162951519
0.1
0.09510565162951559
0.08090169943749519
0.05877852522924792
0.03090169943749545
7.472821397345208e-16
-0.030901699437494032
-0.0587785252292467
-0.08090169943749431
-0.09510565162951512
-0.1
-0.09510565162951559
-0.0809016994374952
-0.058778525229247924
-0.03090169943749546
-7.595286077259942e-16
0.030901699437494018
0.058778525229246696
0.0809016994374943
0.09510565162951512
0.1
0.0951056516295156
0.0809016994374952
0.05877852522924794
0.03090169943749548
9.49410759657493e-16
-0.03090169943749384
-0.058778525229246405
-0.08090169943749419
-0.09510565162951501
-0.1
-0.09510565162951572
-0.08090169943749531
-0.05877852522924824
-0.030901699437495656
-1.1392929115889916e-15
0.03090169943749383
0.0587785252292464
0.08090169943749419
0.09510565162951501
0.1
0.09510565162951572
0.08090169943749531
0.05877852522924825
0.03090169943749567
1.1515393795804651e-15
-0.030901699437493813
-0.058778525229246384
-0.08090169943749417
-0.09510565162951501
-0.1
-0.09510565162951573
-0.08090169943749533
-0.05877852522924826
-0.03090169943749568
-1.1637858475719387e-15
0.030901699437493803
0.05877852522924637
0.08090169943749416
0.09510565162951501
0.1
0.09510565162951573
0.08090169943749533
0.05877852522924826
0.03090169943749569
1.1760323155634122e-15
-0.030901699437493452
-0.05877852522924636
-0.08090169943749395
-0.095105651629515
-0.1
-0.09510565162951573
-0.08090169943749555
-0.05877852522924827
-0.03090169943749604
-1.1882787835548856e-15
0.030901699437493442
0.05877852522924635
0.08090169943749415
0.09510565162951488
0.1
0.09510565162951573
0.08090169943749535
0.05877852522924857
0.03090169943749605
1.2005252515463591e-15
-0.030901699437493768
-0.05877852522924605
-0.08090169943749394
-0.095105651629515
-0.1
-0.09510565162951584
-0.08090169943749556
-0.05877852522924829
-0.03090169943749573
-1.568043087417883e-15
0.03090169943749342
0.05877852522924633
0.08090169943749415
0.09510565162951488
0.1
0.09510565162951573
0.08090169943749537
0.05877852522924859
0.03090169943749608
1.2250181875293062e-15
-0.030901699437493747
-0.05877852522924604
-0.08090169943749392
-0.09510565162951498
-0.1
-0.09510565162951586
-0.08090169943749558
-0.05877852522924831
-0.03090169943749643
-1.59253602340083e-15
0.030901699437493397
0.058778525229246315
0.0809016994374937
0.09510565162951487
0.1
0.09510565162951574
0.0809016994374958
0.05877852522924862
0.0309016994374961
1.2495111235122534e-15
-0.030901699437493046
-0.058778525229246016
-0.08090169943749391
-0.09510565162951497
-0.1
-0.09510565162951586
-0.08090169943749559
-0.05877852522924834
-0.03090169943749645
-1.617028959383777e-15
0.030901699437493376
0.058778525229246294
0.0809016994374937
0.09510565162951486
0.1
0.09510565162951576
0.08090169943749581
0.058778525229248625
0.030901699437496124
1.2740040594952005e-15
-0.030901699437493026
-0.058778525229245995
-0.0809016994374939
-0.09510565162951497
-0.1
-0.09510565162951587
-0.0809016994374956
-0.058778525229248924
-0.030901699437496474
-1.641521895366724e-15
0.03090169943749335
0.0587785252292457
0.08090169943749367
0.09510565162951486
0.1
0.09510565162951598
0.08090169943749582
0.058778525229248646
0.030901699437496145
2.0090397312382478e-15
-0.030901699437493005
-0.058778525229245975
-0.08090169943749387
-0.09510565162951473
-0.1
-0.09510565162951588
-0.08090169943749562
-0.05877852522924895
-0.030901699437496495
-2.376557567109771e-15
0.030901699437491978
0.058778525229243955
0.080901699437492
0.09510565162951375
0.1
0.0951056516295173
0.08090169943749918
0.05877852522925442
0.030901699437502927
9.849502760582298e-15
-0.030901699437485542
-0.05877852522923848
-0.0809016994374876
-0.09510565162951166
-0.1
-0.0951056516295194
-0.08090169943750315
-0.058778525229259894
-0.030901699437509356
-1.6611905218294722e-14
0.03090169943747776
0.05877852522923302
0.08090169943748363
0.09510565162950957
0.1
0.09510565162952192
0.08090169943750714
0.058778525229265355
0.030901699437515792
2.3374307676007152e-14
-0.03090169943747133
-0.058778525229227545
-0.08090169943747966
-0.09510565162950704
-0.1
-0.09510565162952402
-0.0809016994375111
-0.05877852522927083
-0.030901699437523574
-3.0136710133719576e-14
0.0309016994374649
0.05877852522922092
0.08090169943747567
0.09510565162950496
0.1
0.09510565162952611
0.0809016994375159
0.058778525229276304
0.030901699437530007
3.6899112591432e-14
-0.030901699437458463
-0.05877852522921545
-0.0809016994374717
-0.09510565162950285
-0.1
-0.09510565162952819
-0.08090169943751989
-0.05877852522928178
-0.030901699437536435
-4.5082600520664626e-14
0.030901699437452038
0.05877852522920998
0.08090169943746689
0.09510565162950077
0.1
0.09510565162953027
0.08090169943752386
0.05877852522928839
0.030901699437542868
5.184500297837705e-14
-0.030901699437445602
-0.05877852522920451
-0.0809016994374629
-0.09510565162949869
-0.1
-0.09510565162953281
-0.08090169943752784
-0.05877852522929387
-0.030901699437549297
-5.860740543608947e-14
0.03090169943743782
0.05877852522919903
0.08090169943745894
0.09510565162949615
0.1
0.0951056516295349
0.08090169943753181
0.05877852522929934
0.03090169943755708
6.53698078938019e-14
-0.03090169943743139
-0.05877852522919357
-0.08090169943745495
-0.09510565162949407
-0.1
-0.09510565162953699
-0.08090169943753661
-0.0587785252293048
-0.030901699437563514
-7.213221035151433e-14
0.03090169943742496
0.058778525229186945
0.08090169943745099
0.09510565162949197
0.1
0.09510565162953909
0.0809016994375406
0.05877852522931028
0.030901699437569947
8.031569828074695e-14
-0.030901699437418523
-0.05877852522918148
-0.08090169943744702
-0.09510565162948988
-0.1
-0.09510565162954117
-0.08090169943754458
-0.0587785252293169
-0.030901699437576376
-8.707810073845938e-14
0.030901699437412097
0.05877852522917601
0.0809016994374422
0.0951056516294878
0.1
0.09510565162954371
0.08090169943754855
0.058778525229322365
0.030901699437582808
9.384050319617181e-14
-0.030901699437404312
-0.058778525229170535
-0.08090169943743823
-0.0951056516294857
-0.1
-0.09510565162954579
-0.08090169943755253
-0.05877852522932784
-0.030901699437590593
-1.0060290565388424e-13
0.03090169943739788
0.05877852522916506
0.08090169943743425
0.09510565162948317
0.1
0.09510565162954787
0.08090169943755733
0.058778525229333314
0.03090169943759702
1.0736530811159667e-13
-0.03090169943739145
-0.05877852522915844
-0.08090169943743028
-0.09510565162948109
-0.1
-0.09510565162954997
-0.08090169943756131
-0.05877852522933879
-0.030901699437603455
-1.1554879604082928e-13
0.03090169943738502
0.05877852522915297
0.08090169943742631
0.095105651629479
0.1
0.09510565162955206
0.08090169943756528
0.0587785252293454
0.030901699437609884
1.223111984985417e-13
-0.03090169943737859
-0.0587785252291475
-0.0809016994374215
-0.09510565162947691
-0.1
-0.09510565162955414
-0.08090169943756925
-0.05877852522935088
-0.030901699437616316
-1.2907360095625412e-13
0.0309016994373708
0.05877852522914202
0.08090169943741753
0.09510565162947482
0.1
0.09510565162955668
0.08090169943757324
0.05877852522935634
0.03090169943762275
1.3583600341396656e-13
-0.03090169943736437
-0.05877852522913656
-0.08090169943741354
-0.0951056516294723
-0.1
-0.09510565162955877
-0.0809016994375772
-0.05877852522936181
-0.030901699437630534
-1.4259840587167898e-13
0.030901699437359292
0.05877852522913109
0.08090169943741041
0.09510565162947064
0.1
0.09510565162956042
0.08090169943758119
0.058778525229366135
0.030901699437635613
1.4936080832939142e-13
-0.03090169943735151
-0.05877852522912677
-0.08090169943740644
-0.09510565162946855
-0.1
-0.09510565162956294
-0.08090169943758432
-0.0587785252293716
-0.03090169943764204
-1.5612321078710384e-13
0.030901699437345078
0.058778525229121296
0.08090169943740246
0.09510565162946645
0.1
0.09510565162956504
0.08090169943758996
0.05877852522937708
0.030901699437648474
1.6288561324481628e-13
-0.03090169943733865
-0.058778525229113525
-0.08090169943739849
-0.09510565162946437
-0.1
-0.09510565162956713
-0.08090169943759394
-0.05877852522938255
-0.030901699437654907
-1.696480157025287e-13
0.030901699437332217
0.05877852522910805
0.0809016994373945
0.09510565162946227
0.1
0.09510565162956922
0.08090169943759791
0.058778525229390324
0.030901699437661335
1.7641041816024112e-13
-0.03090169943732578
-0.05877852522910259
-0.08090169943738885
-0.09510565162946019
-0.1
-0.0951056516295713
-0.08090169943760189
-0.058778525229395785
-0.030901699437667768
-1.8317282061795353e-13
0.030901699437319352
0.058778525229097114
0.08090169943738489
0.09510565162945811
0.1
0.09510565162957339
0.08090169943760586
0.05877852522940126
0.0309016994376769
1.8993522307566598e-13
-0.03090169943731292
-0.05877852522909164
-0.0809016994373809
-0.09510565162945513
-0.1
-0.09510565162957549
-0.08090169943760983
-0.058778525229406735
-0.030901699437683335
-1.966976255333784e-13
0.03090169943730649
0.058778525229086165
0.08090169943737693
0.09510565162945304
0.1
0.09510565162957757
0.08090169943761381
0.05877852522941221
0.030901699437689764
2.063021989341312e-13
-0.03090169943730006
-0.0587785252290807
-0.08090169943737296
-0.09510565162945095
-0.1
-0.09510565162957967
-0.08090169943761778
-0.05877852522941767
-0.030901699437696196
-2.1306460139184365e-13
0.030901699437293623
0.05877852522907523
0.08090169943736898
0.09510565162944887
0.1
0.09510565162958175
0.08090169943762177
0.058778525229423145
0.03090169943770263
2.1982700384955606e-13
-0.03090169943728449
-0.05877852522906976
-0.08090169943736501
-0.09510565162944677
-0.1
-0.09510565162958473
-0.08090169943762573
-0.05877852522942861
-0.030901699437709058
-2.265894063072685e-13
0.03090169943727806
0.058778525229064287
0.08090169943736103
0.09510565162944468
0.1
0.09510565162958681
0.0809016994376297
0.05877852522943409
0.030901699437715494
2.333518087649809e-13
-0.03090169943727163
-0.05877852522905881
-0.08090169943735706
-0.0951056516294426
-0.1
-0.0951056516295889
-0.08090169943763537
-0.05877852522943956
-0.03090169943772192
-2.4011421122269337e-13
0.030901699437265197
0.05877852522905104
0.08090169943735309
0.09510565162944051
0.1
0.09510565162959099
0.08090169943763934
0.058778525229445024
0.030901699437728355
2.468766136804058e-13
-0.03090169943725877
-0.05877852522904558
-0.08090169943734911
-0.0951056516294384
-0.1
-0.09510565162959309
-0.0809016994376433
-0.058778525229452795
-0.030901699437734787
-2.536390161381182e-13
0.030901699437252336
0.058778525229040104
0.08090169943734347
0.09510565162943632
0.1
0.09510565162959517
0.08090169943764729
0.05877852522945827
0.030901699437741216
2.604014185958306e-13
-0.0309016994372459
-0.05877852522903463
-0.08090169943733949
-0.09510565162943424
-0.1
-0.09510565162959726
-0.08090169943765126
-0.058778525229463745
-0.030901699437750355
-2.6716382105354304e-13
0.03090169943723947
0.058778525229029155
0.08090169943733552
0.09510565162943127
0.1
0.09510565162959934
0.08090169943765524
0.05877852522946922
0.03090169943775678
2.739262235112555e-13
-0.03090169943723304
-0.058778525229023694
-0.08090169943733155
-0.09510565162942917
-0.1
-0.09510565162960144
-0.08090169943765921
-0.05877852522947468
-0.030901699437763216
-2.835307969120083e-13
0.03090169943722661
0.05877852522901822
0.08090169943732757
0.09510565162942708
0.1
0.09510565162960354
0.08090169943766318
0.058778525229480155
0.030901699437769645
2.9029319936972073e-13
-0.030901699437220178
-0.05877852522901275
-0.0809016994373236
-0.095105651629425
-0.1
-0.09510565162960562
-0.08090169943766716
-0.05877852522948562
-0.030901699437776077
-2.9705560182743315e-13
0.030901699437211046
0.05877852522900728
0.08090169943731962
0.09510565162942292
0.1
0.09510565162960859
0.08090169943767113
0.0587785252294911
0.03090169943778251
3.038180042851456e-13
-0.03090169943720461
-0.0587785252290018
-0.08090169943731564
-0.0951056516294208
-0.1
-0.09510565162961068
-0.08090169943767511
-0.05877852522949656
-0.03090169943778894
-3.10580406742858e-13
0.030901699437198178
0.058778525228994044
0.08090169943731168
0.09510565162941872
0.1
0.09510565162961276
0.08090169943768076
0.058778525229502034
0.030901699437795374
3.173428092005704e-13
-0.03090169943719175
-0.05877852522898857
-0.08090169943730768
-0.09510565162941664
-0.1
-0.09510565162961486
-0.08090169943768473
-0.05877852522950751
-0.0309016994378018
-3.2410521165828287e-13
0.030901699437185317
0.058778525228983095
0.08090169943730205
0.09510565162941455
0.1
0.09510565162961694
0.08090169943768871
0.05877852522951528
0.030901699437808235
3.308676141159953e-13
-0.030901699437178888
-0.05877852522897762
-0.08090169943729808
-0.09510565162941247
-0.1
-0.09510565162961904
-0.08090169943769268
-0.058778525229520755
-0.030901699437814664
-3.376300165737077e-13
0.030901699437172456
0.05877852522897216
0.0809016994372941
0.09510565162940948
0.1
0.09510565162962113
0.08090169943769665
0.058778525229526216
0.0309016994378238
3.443924190314201e-13
-0.03090169943716602
-0.058778525228966684
-0.08090169943729013
-0.0951056516294074
-0.1
-0.09510565162962321
-0.08090169943770063
-0.05877852522953169
-0.030901699437830235
-3.511548214891326e-13
0.03090169943715959
0.05877852522896121
0.08090169943728615
0.09510565162940532
0.1
0.09510565162962531
0.0809016994377046
0.058778525229537165
0.03090169943783666
3.607593948898854e-13
-0.03090169943715316
-0.05877852522895574
-0.08090169943728218
-0.09510565162940322
-0.1
-0.09510565162962739
-0.08090169943770859
-0.05877852522954263
-0.030901699437843096
-3.675217973475978e-13
0.03090169943714673
0.05877852522895027
0.08090169943727821
0.09510565162940113
0.1
0.09510565162963036
0.08090169943771255
0.05877852522954811
0.030901699437849525
3.742841998053102e-13
-0.030901699437137595
-0.058778525228944806
-0.08090169943727422
-0.09510565162939905
-0.1
-0.09510565162963246
-0.08090169943771652
-0.05877852522955357
-0.030901699437855958
-3.8104660226302265e-13
0.030901699437131166
0.05877852522893933
0.08090169943727026
0.09510565162939695
0.1
0.09510565162963454
0.08090169943772217
0.058778525229559044
0.030901699437862386
3.8780900472073507e-13
-0.03090169943712473
-0.05877852522893156
-0.08090169943726627
-0.09510565162939487
-0.1
-0.09510565162963663
-0.08090169943772614
-0.05877852522956452
-0.03090169943786882
-3.9457140717844754e-13
0.030901699437118298
0.058778525228926085
0.0809016994372623
0.09510565162939277
0.1
0.09510565162963873
0.08090169943773012
0.05877852522957229
0.030901699437875255
4.013338096361599e-13
-0.03090169943711187
-0.05877852522892061
-0.08090169943725666
-0.09510565162939068
-0.1
-0.09510565162964081
-0.08090169943773409
-0.058778525229577765
-0.03090169943788168
-4.080962120938724e-13
0.030901699437105436
0.05877852522891515
0.08090169943725267
0.0951056516293886
0.1
0.0951056516296429
0.08090169943773806
0.058778525229583226
0.03090169943789082
4.148586145515848e-13
-0.030901699437099008
-0.058778525228909674
-0.0809016994372487
-0.09510565162938563
-0.1
-0.09510565162964499
-0.08090169943774204
-0.0587785252295887
-0.030901699437897247
-4.2162101700929726e-13
0.030901699437092575
0.0587785252289042
0.08090169943724473
0.09510565162938354
0.1
0.09510565162964707
0.08090169943774601
0.058778525229594175
0.03090169943790368
4.3122559041005e-13
-0.030901699437086146
-0.05877852522889873
-0.08090169943724075
-0.09510565162938145
-0.1
-0.09510565162965005
-0.08090169943775166
-0.05877852522959734
-0.03090169943790741
-4.3514582192472205e-13
0.03090169943707971
0.058778525228893264
0.08090169943723678
0.09510565162937935
0.1
0.09510565162965214
0.08090169943775564
0.05877852522960741
0.03090169943791384
4.419082243824345e-13
-0.030901699437073278
-0.058778525228887796
-0.0809016994372328
-0.09510565162937727
-0.1
-0.09510565162965423
-0.08090169943775961
-0.05877852522961288
-0.030901699437920274
-4.486706268401469e-13
0.03090169943706685
0.05877852522888232
0.08090169943722883
0.09510565162937518
0.1
0.09510565162965631
0.0809016994377636
0.05877852522961835
0.03090169943793211
4.554330292978594e-13
-0.030901699437060417
-0.058778525228876846
-0.08090169943722486
-0.09510565162937308
-0.1
-0.09510565162965841
-0.08090169943776757
-0.058778525229623825
-0.03090169943793854
-4.621954317555718e-13
0.030901699437053988
0.05877852522887137
0.08090169943722088
0.095105651629371
0.1
0.0951056516296605
0.08090169943777153
0.0587785252296293
0.03090169943794497
4.746421760993651e-13
-0.030901699437047556
-0.05877852522886591
-0.08090169943721691
-0.0951056516293689
-0.1
-0.09510565162966259
-0.08090169943777552
-0.05877852522963476
-0.030901699437951402
-4.814045785570774e-13
0.03090169943704112
0.058778525228860436
0.08090169943721293
0.09510565162936682
0.1
0.09510565162966467
0.08090169943777949
0.058778525229640236
0.03090169943795783
4.881669810147898e-13
-0.030901699437029286
-0.05877852522885496
-0.08090169943720896
-0.09510565162936474
-0.1
-0.09510565162966678
-0.08090169943778347
-0.05877852522964571
-0.030901699437964267
-4.949293834725023e-13
0.030901699437022853
0.05877852522884949
0.08090169943720499
0.09510565162936263
0.1
0.09510565162966886
0.08090169943778744
0.058778525229651185
0.0309016994379707
5.016917859302146e-13
-0.030901699437016424
-0.05877852522883942
-0.080901699437201
-0.09510565162936055
-0.1
-0.09510565162967094
-0.08090169943779141
-0.058778525229656646
-0.030901699437977128
-5.084541883879271e-13
0.03090169943700999
0.05877852522883396
0.08090169943719704
0.09510565162935847
0.1
0.09510565162967304
0.08090169943779539
0.05877852522966212
0.03090169943798356
5.152165908456396e-13
-0.030901699437003563
-0.05877852522882848
-0.08090169943718972
-0.09510565162935637
-0.1
-0.09510565162967512
-0.08090169943779936
-0.05877852522966759
-0.03090169943798999
-5.21978993303352e-13
0.030901699436997127
0.058778525228823014
0.08090169943718574
0.09510565162935428
0.1
0.09510565162967721
0.08090169943780334
0.05877852522967306
0.03090169943799642
5.287413957610644e-13
-0.0309016994369907
-0.05877852522881754
-0.08090169943718177
-0.09510565162935043
-0.1
-0.09510565162967931
-0.08090169943780731
-0.058778525229678524
-0.030901699438002857
-5.355037982187768e-13
0.030901699436984266
0.058778525228812065
0.08090169943717779
0.09510565162934835
0.1
0.09510565162968139
0.08090169943781128
0.058778525229684
0.030901699438009286
5.422662006764892e-13
-0.030901699436977834
-0.058778525228806604
-0.08090169943717382
-0.09510565162934626
-0.1
-0.09510565162968349
-0.08090169943781526
-0.058778525229689474
-0.03090169943801572
-5.490286031342016e-13
0.030901699436971405
0.05877852522880113
0.08090169943716985
0.09510565162934416
0.1
0.09510565162968558
0.08090169943781923
0.05877852522969495
0.030901699438022148
5.557910055919141e-13
-0.03090169943696497
-0.058778525228795654
-0.08090169943716587
-0.09510565162934208
-0.1
-0.09510565162968942
-0.08090169943782322
-0.058778525229700423
-0.03090169943802858
-5.625534080496265e-13
0.030901699436958543
0.05877852522879018
0.0809016994371619
0.09510565162933998
0.1
0.0951056516296915
0.08090169943782718
0.058778525229705884
0.030901699438035016
5.69315810507339e-13
-0.030901699436952108
-0.05877852522878472
-0.08090169943715791
-0.0951056516293379
-0.1
-0.09510565162969359
-0.0809016994378345
-0.05877852522971136
-0.03090169943804144
-5.760782129650514e-13
0.030901699436945675
0.058778525228779244
0.08090169943715395
0.0951056516293358
0.1
0.0951056516296957
0.08090169943783848
0.05877852522971683
0.030901699438047877
5.828406154227639e-13
-0.030901699436939246
-0.058778525228773776
-0.08090169943714998
-0.09510565162933371
-0.1
-0.09510565162969778
-0.08090169943784245
-0.0587785252297269
-0.030901699438054306
-5.896030178804762e-13
0.030901699436932814
0.0587785252287683
0.080901699437146
0.09510565162933163
0.1
0.09510565162969986
0.08090169943784642
0.05877852522973237
0.030901699438060738
5.963654203381886e-13
-0.030901699436926385
-0.05877852522876284
-0.08090169943714202
-0.09510565162932955
-0.1
-0.09510565162970196
-0.0809016994378504
-0.05877852522973784
-0.030901699438072572
-6.031278227959011e-13
0.03090169943691995
0.058778525228757365
0.08090169943713804
0.09510565162932744
0.1
0.09510565162970405
0.08090169943785439
0.058778525229743306
0.03090169943807901
6.098902252536135e-13
-0.030901699436913524
-0.05877852522875189
-0.08090169943713407
-0.09510565162932536
-0.1
-0.09510565162970613
-0.08090169943785835
-0.05877852522974878
-0.030901699438085434
-6.223369695974068e-13
0.030901699436907088
0.058778525228746416
0.0809016994371301
0.09510565162932327
0.1
0.09510565162970823
0.08090169943786232
0.058778525229754255
0.03090169943809187
6.290993720551191e-13
-0.030901699436900656
-0.05877852522874094
-0.08090169943712612
-0.09510565162932118
-0.1
-0.09510565162971031
-0.08090169943786629
-0.05877852522975973
-0.030901699438098302
-6.358617745128316e-13
0.03090169943688882
0.05877852522873548
0.08090169943712215
0.0951056516293191
0.1
0.0951056516297124
0.08090169943787029
0.05877852522976519
0.03090169943810473
6.426241769705441e-13
-0.030901699436882386
-0.058778525228730005
-0.08090169943711817
-0.095105651629317
-0.1
-0.0951056516297145
-0.08090169943787424
-0.058778525229770666
-0.030901699438111163
-6.493865794282564e-13
0.030901699436875957
0.05877852522871994
0.0809016994371142
0.0951056516293149
0.1
0.09510565162971658
0.08090169943787823
0.05877852522977614
0.030901699438117592
6.561489818859688e-13
-0.030901699436869524
-0.05877852522871446
-0.08090169943711023
-0.09510565162931282
-0.1
-0.09510565162971868
-0.08090169943788221
-0.05877852522978161
-0.030901699438124028
-6.629113843436813e-13
0.030901699436863096
0.058778525228708994
0.0809016994371029
0.09510565162931073
0.1
0.09510565162972076
0.08090169943788618
0.058778525229787076
0.03090169943813046
6.696737868013937e-13
-0.030901699436856663
-0.058778525228703526
-0.08090169943709893
-0.09510565162930863
-0.1
-0.09510565162972286
-0.08090169943789016
-0.058778525229792544
-0.03090169943813689
-6.764361892591061e-13
0.030901699436850227
0.05877852522869806
0.08090169943709496
0.09510565162930479
0.1
0.09510565162972495
0.08090169943789413
0.05877852522979802
0.03090169943814332
6.831985917168186e-13
-0.030901699436843802
-0.058778525228692584
-0.08090169943709097
-0.0951056516293027
-0.1
-0.09510565162972703
-0.0809016994378981
-0.058778525229803494
-0.03090169943814975
-6.899609941745311e-13
0.030901699436837366
0.05877852522868711
0.08090169943708701
0.09510565162930062
0.1
0.09510565162972912
0.08090169943790208
0.05877852522980897
0.030901699438156183
6.967233966322434e-13
-0.030901699436830937
-0.058778525228681634
-0.08090169943708303
-0.09510565162929852
-0.1
-0.09510565162973121
-0.08090169943790605
-0.05877852522981443
-0.03090169943816261
-7.034857990899558e-13
0.030901699436824505
0.05877852522867617
0.08090169943707906
0.09510565162929643
0.1
0.09510565162973506
0.08090169943791004
0.058778525229819904
0.030901699438169047
7.102482015476683e-13
-0.030901699436818076
-0.0587785252286707
-0.08090169943707508
-0.09510565162929435
-0.1
-0.09510565162973715
-0.080901699437914
-0.05877852522982538
-0.03090169943817548
-7.170106040053807e-13
0.030901699436811644
0.058778525228665224
0.0809016994370711
0.09510565162929226
0.1
0.09510565162973923
0.08090169943792132
0.05877852522983085
0.03090169943818191
7.237730064630931e-13
-0.030901699436805208
-0.058778525228659756
-0.08090169943706713
-0.09510565162929016
-0.1
-0.09510565162974133
-0.0809016994379253
-0.058778525229836315
-0.03090169943818834
-7.305354089208057e-13
0.030901699436798782
0.05877852522865429
0.08090169943706316
0.09510565162928808
0.1
0.09510565162974342
0.08090169943792927
0.05877852522984638
0.03090169943819477
7.37297811378518e-13
-0.030901699436792347
-0.05877852522864882
-0.08090169943705917
-0.09510565162928598
-0.1
-0.0951056516297455
-0.08090169943793324
-0.05877852522985186
-0.030901699438201202
-7.440602138362304e-13
0.030901699436785918
0.058778525228643345
0.0809016994370552
0.0951056516292839
0.1
0.0951056516297476
0.08090169943793722
0.058778525229857326
0.03090169943821304
7.508226162939429e-13
-0.030901699436779485
-0.05877852522863787
-0.08090169943705122
-0.0951056516292818
-0.1
-0.09510565162974968
-0.08090169943794119
-0.0587785252298628
-0.030901699438219472
-7.575850187516552e-13
0.030901699436773053
0.05877852522863241
0.08090169943704725
0.09510565162927971
0.1
0.09510565162975178
0.08090169943794517
0.058778525229868275
0.030901699438225905
7.643474212093676e-13
-0.030901699436766624
-0.058778525228626935
-0.08090169943704328
-0.09510565162927763
-0.1
-0.09510565162975387
-0.08090169943794914
-0.058778525229873736
-0.030901699438232334
-7.767941655531609e-13
0.03090169943676019
0.05877852522862146
0.0809016994370393
0.09510565162927553
0.1
0.09510565162975596
0.08090169943795311
0.05877852522987921
0.03090169943823877
7.835565680108733e-13
-0.030901699436753763
-0.058778525228615985
-0.08090169943703533
-0.09510565162927345
-0.1
-0.09510565162975804
-0.0809016994379571
-0.058778525229884686
-0.030901699438245195
-7.903189704685857e-13
0.03090169943674192
0.05877852522861052
0.08090169943703135
0.09510565162927136
0.1
0.09510565162976015
0.08090169943796106
0.05877852522989016
0.03090169943825163
7.970813729262982e-13
-0.030901699436735493
-0.05877852522860505
-0.08090169943702738
-0.09510565162926926
-0.1
-0.09510565162976223
-0.08090169943796505
-0.05877852522989562
-0.03090169943825806
-8.038437753840106e-13
0.03090169943672906
0.05877852522859498
0.08090169943702341
0.09510565162926718
0.1
0.09510565162976431
0.08090169943796902
0.058778525229901096
0.030901699438264492
8.106061778417231e-13
-0.030901699436722625
-0.05877852522858951
-0.08090169943701943
-0.0951056516292651
-0.1
-0.0951056516297664
-0.08090169943797298
-0.058778525229906564
-0.030901699438270924
-8.173685802994355e-13
0.030901699436716196
0.05877852522858404
0.08090169943701211
0.095105651629263
0.1
0.09510565162976849
0.08090169943797697
0.05877852522991204
0.030901699438277353
8.241309827571478e-13
-0.030901699436709763
-0.058778525228578564
-0.08090169943700815
-0.0951056516292609
-0.1
-0.09510565162977058
-0.08090169943798094
-0.058778525229917514
-0.03090169943828379
-8.308933852148604e-13
0.030901699436703334
0.0587785252285731
0.08090169943700416
0.09510565162925706
0.1
0.09510565162977268
0.08090169943798492
0.058778525229922975
0.030901699438290214
8.376557876725728e-13
-0.030901699436696902
-0.05877852522856763
-0.0809016994370002
-0.09510565162925498
-0.1
-0.09510565162977476
-0.08090169943798889
-0.05877852522992845
-0.03090169943829665
-8.444181901302851e-13
0.030901699436690473
0.05877852522856215
0.08090169943699621
0.09510565162925289
0.1
0.09510565162977686
0.08090169943799286
0.058778525229933924
0.030901699438303083
8.511805925879976e-13
-0.03090169943668404
-0.05877852522855668
-0.08090169943699224
-0.09510565162925079
-0.1
-0.09510565162977895
-0.08090169943799684
-0.0587785252299394
-0.03090169943830951
-8.5794299504571e-13
0.030901699436677605
0.058778525228551204
0.08090169943698827
0.09510565162924871
0.1
0.0951056516297828
0.08090169943800081
0.05877852522994486
0.030901699438315944
8.647053975034223e-13
-0.030901699436671176
-0.05877852522854574
-0.08090169943698429
-0.09510565162924661
-0.1
-0.09510565162978488
-0.08090169943800479
-0.058778525229950335
-0.030901699438322373
-8.714677999611349e-13
0.030901699436664744
0.05877852522854027
0.08090169943698032
0.09510565162924453
0.1
0.09510565162978696
0.0809016994380121
0.0587785252299558
0.03090169943832881
8.782302024188473e-13
-0.030901699436658315
-0.0587785252285348
-0.08090169943697634
-0.09510565162924244
-0.1
-0.09510565162978907
-0.08090169943801608
-0.05877852522996128
-0.030901699438335234
-8.849926048765596e-13
0.030901699436651883
0.058778525228529326
0.08090169943697237
0.09510565162924034
0.1
0.09510565162979115
0.08090169943802006
0.058778525229971346
0.03090169943834167
8.917550073342722e-13
-0.030901699436645447
-0.05877852522852385
-0.0809016994369684
-0.09510565162923826
-0.1
-0.09510565162979323
-0.08090169943802403
-0.05877852522997682
-0.030901699438348102
-8.985174097919846e-13
0.03090169943663902
0.05877852522851839
0.08090169943696442
0.09510565162923618
0.1
0.09510565162979533
0.080901699438028
0.05877852522998228
0.030901699438359936
9.05279812249697e-13
-0.030901699436632585
-0.058778525228512915
-0.08090169943696045
-0.09510565162923407
-0.1
-0.09510565162979742
-0.08090169943803198
-0.058778525229987756
-0.030901699438366372
-9.120422147074095e-13
0.030901699436626157
0.05877852522850744
0.08090169943695646
0.09510565162923199
0.1
0.0951056516297995
0.08090169943803595
0.05877852522999323
0.0309016994383728
9.244889590512025e-13
-0.030901699436619724
-0.058778525228501965
-0.0809016994369525
-0.0951056516292299
-0.1
-0.0951056516298016
-0.08090169943803993
-0.058778525229998706
-0.030901699438379233
-9.312513615089151e-13
0.030901699436613295
0.058778525228496505
0.08090169943694853
0.09510565162922781
0.1
0.09510565162980368
0.0809016994380439
0.05877852523000417
0.030901699438385662
9.380137639666275e-13
-0.030901699436601454
-0.05877852522849103
-0.08090169943694454
-0.09510565162922573
-0.1
-0.09510565162980578
-0.08090169943804787
-0.05877852523000964
-0.030901699438392095
-9.447761664243399e-13
0.030901699436595022
0.05877852522848556
0.08090169943694057
0.09510565162922363
0.1
0.09510565162980787
0.08090169943805185
0.058778525230015116
0.03090169943839853
9.515385688820524e-13
-0.030901699436588593
-0.05877852522847549
-0.08090169943693659
-0.09510565162922154
-0.1
-0.09510565162980995
-0.08090169943805582
-0.058778525230020584
-0.030901699438404956
-9.583009713397648e-13
0.03090169943658216
0.05877852522847002
0.08090169943693262
0.09510565162921945
0.1
0.09510565162981205
0.0809016994380598
0.05877852523002605
0.030901699438411392
9.650633737974772e-13
-0.03090169943657573
-0.05877852522846455
-0.08090169943692531
-0.09510565162921736
-0.1
-0.09510565162981413
-0.08090169943806377
-0.05877852523003152
-0.03090169943841782
-9.718257762551897e-13
0.0309016994365693
0.05877852522845908
0.08090169943692133
0.09510565162921526
0.1
0.09510565162981623
0.08090169943806776
0.058778525230036995
0.030901699438424253
9.78588178712902e-13
-0.03090169943656287
-0.05877852522845361
-0.08090169943691736
-0.09510565162921142
-0.1
-0.09510565162981832
-0.08090169943807173
-0.05877852523004247
-0.030901699438430685
-9.853505811706145e-13
0.030901699436556435
0.05877852522845273
0.08090169943692005
0.0951056516292146
0.1
0.09510565162981162
0.08090169943805565
0.05877852523001575
0.030901699438393868
9.409539066535997e-13
-0.030901699436604063
-0.05877852522849325
-0.0809016994369495
-0.09510565162923007
-0.1
-0.0951056516297979
-0.08090169943802955
-0.05877852522997983
-0.03090169943834624
-8.90872890250504e-13
0.03090169943665169
0.058778525228533766
0.08090169943697893
0.09510565162924556
0.1
0.09510565162978242
0.08090169943800013
0.058778525229939316
0.03090169943830401
8.464762157334894e-13
-0.030901699436699327
-0.05877852522856968
-0.08090169943700837
-0.09510565162925927
-0.1
-0.09510565162976871
-0.08090169943797068
-0.05877852522990339
-0.03090169943825638
-7.90710857444313e-13
0.03090169943674155
0.0587785252286148
0.08090169943703446
0.0951056516292765
0.1
0.09510565162975147
0.08090169943794459
0.05877852522985828
0.03090169943821416
7.463141829272981e-13
-0.03090169943678377
-0.058778525228650715
-0.08090169943706725
-0.09510565162929023
-0.1
-0.09510565162973776
-0.08090169943791181
-0.05877852522982237
-0.030901699438161123
-7.019175084102833e-13
0.03090169943683681
0.05877852522868663
0.08090169943709334
0.09510565162930396
0.1
0.09510565162972053
0.08090169943788572
0.05877852522977725
0.030901699438118897
6.461521501211069e-13
-0.030901699436879034
-0.058778525228731754
-0.08090169943711945
-0.09510565162932118
-0.1
-0.0951056516297068
-0.08090169943785294
-0.058778525229741335
-0.030901699438065863
-6.017554756040921e-13
0.030901699436932068
0.05877852522876767
0.08090169943715221
0.0951056516293349
0.1
0.09510565162969309
0.08090169943782684
0.05877852522970542
0.03090169943802364
5.459901173149158e-13
-0.03090169943697429
-0.058778525228812786
-0.08090169943717831
-0.09510565162935214
-0.1
-0.09510565162967585
-0.08090169943780075
-0.058778525229660296
-0.03090169943798142
-5.015934427979009e-13
0.030901699437016518
0.0587785252288487
0.0809016994372111
0.09510565162936585
0.1
0.09510565162966213
0.08090169943776797
0.05877852522962438
0.03090169943792838
4.571967682808862e-13
-0.030901699437069552
-0.05877852522888462
-0.08090169943723718
-0.09510565162937956
-0.1
-0.0951056516296449
-0.08090169943774188
-0.05877852522957926
-0.030901699437886156
-4.014314099917098e-13
0.030901699437111775
0.058778525228929734
0.08090169943726327
0.0951056516293968
0.1
0.09510565162963118
0.08090169943771577
0.05877852522954335
0.03090169943783312
3.5703473547469497e-13
-0.03090169943716481
-0.05877852522896565
-0.08090169943729605
-0.09510565162941052
-0.1
-0.09510565162961747
-0.080901699437683
-0.05877852522950743
-0.0309016994377909
-3.126380609576802e-13
0.03090169943720704
0.058778525229010774
0.08090169943732216
0.09510565162942775
0.1
0.09510565162960022
0.0809016994376569
0.05877852522946231
0.030901699437748672
2.5687270266850383e-13
-0.03090169943724926
-0.05877852522904669
-0.08090169943734825
-0.09510565162944147
-0.1
-0.09510565162958651
-0.08090169943762412
-0.05877852522942639
-0.030901699437695634
-2.1247602815148901e-13
0.030901699437302296
0.058778525229082605
0.08090169943738103
0.0951056516294552
0.1
0.0951056516295728
0.08090169943759802
0.058778525229381276
0.030901699437653415
1.567106698623126e-13
-0.030901699437344516
-0.058778525229127715
-0.08090169943740712
-0.09510565162947243
-0.1
-0.09510565162955556
-0.08090169943757193
-0.05877852522934536
-0.030901699437611188
-1.1231399534529782e-13
0.030901699437397557
0.05877852522916364
0.08090169943743991
0.09510565162948614
0.1
0.09510565162954183
0.08090169943753917
0.058778525229309445
0.03090169943755815
6.791732082828304e-14
-0.03090169943743978
-0.05877852522919955
-0.080901699437466
-0.09510565162950338
-0.1
-0.09510565162952461
-0.08090169943751306
-0.05877852522926433
-0.03090169943751593
-1.2151962539106638e-14
0.030901699437482
0.05877852522924466
0.08090169943749209
0.09510565162951709
0.1
0.09510565162951089
0.08090169943748028
0.05877852522922841
0.030901699437462894
-3.224471197790815e-14
-0.030901699437535037
-0.05877852522928059
-0.08090169943752487
-0.09510565162953082
-0.1
-0.09510565162949716
-0.08090169943745418
-0.058778525229192496
-0.030901699437420674
8.801007026708454e-14
0.030901699437577264
0.058778525229325695
0.08090169943755098
0.09510565162954804
0.1
0.09510565162947993
0.08090169943742809
0.05877852522914737
0.030901699437378444
-1.3240674478409933e-13
-0.030901699437619487
-0.05877852522936161
-0.08090169943758374
-0.09510565162956176
-0.1
-0.09510565162946621
-0.08090169943739531
-0.05877852522911146
-0.03090169943732541
1.7680341930111413e-13
0.03090169943767252
0.05877852522939754
0.08090169943760983
0.09510565162957549
0.1
0.09510565162944898
0.08090169943736922
0.05877852522906635
0.030901699437283187
-2.3256877759029053e-13
-0.030901699437714748
-0.05877852522944265
-0.08090169943763593
-0.09510565162959272
-0.1
-0.09510565162943527
-0.08090169943734311
-0.05877852522903043
-0.030901699437230153
2.7696545210730534e-13
0.030901699437767785
0.058778525229478566
0.08090169943766871
0.09510565162960644
0.1
0.09510565162942154
0.08090169943731035
0.05877852522899451
0.030901699437187926
-3.213621266243201e-13
-0.030901699437810005
-0.05877852522952368
-0.08090169943769482
-0.09510565162962367
-0.1
-0.09510565162940432
-0.08090169943728426
-0.0587785252289494
-0.030901699437145703
3.771274849134965e-13
0.030901699437852228
0.0587785252295596
0.08090169943772091
0.0951056516296374
0.1
0.0951056516293906
0.08090169943725146
0.058778525228913484
0.03090169943709267
-4.2152415943051125e-13
-0.03090169943790527
-0.058778525229595514
-0.08090169943775369
-0.09510565162965111
-0.1
-0.09510565162937687
-0.08090169943722537
-0.05877852522886837
-0.030901699437050442
4.772895177196877e-13
0.03090169943794749
0.05877852522964064
0.08090169943777978
0.09510565162966833
0.1
0.09510565162935963
0.08090169943719927
0.05877852522883245
0.03090169943700822
-5.216861922367024e-13
-0.030901699438000526
-0.058778525229676554
-0.08090169943781256
-0.09510565162968206
-0.1
-0.09510565162934592
-0.0809016994371665
-0.058778525228796535
-0.030901699436955185
5.660828667537173e-13
0.030901699438042746
0.05877852522971247
0.08090169943783865
0.09510565162969929
0.1
0.09510565162932869
0.0809016994371404
0.05877852522875141
0.030901699436912962
-6.218482250428936e-13
-0.030901699438084976
-0.058778525229757586
-0.08090169943786474
-0.09510565162971302
-0.1
-0.09510565162931497
-0.08090169943710762
-0.058778525228715496
-0.03090169943685992
6.662448995599085e-13
0.03090169943813801
0.0587785252297935
0.08090169943789753
0.09510565162972673
0.1
0.09510565162930125
0.08090169943708153
0.05877852522867958
0.030901699436817698
-7.220102578490848e-13
-0.030901699438180233
-0.05877852522983862
-0.08090169943792362
-0.09510565162974396
-0.1
-0.09510565162928403
-0.08090169943705544
-0.058778525228634464
-0.030901699436775478
7.664069323660997e-13
0.03090169943822246
0.058778525229874534
0.0809016994379564
0.09510565162975769
0.1
0.0951056516292703
0.08090169943702266
0.05877852522859855
0.03090169943672244
-8.108036068831144e-13
-0.030901699438275494
-0.05877852522991045
-0.08090169943798249
-0.0951056516297714
-0.1
-0.09510565162925307
-0.08090169943699656
-0.058778525228553424
-0.030901699436680214
8.665689651722908e-13
0.030901699438317717
0.058778525229955574
0.0809016994380086
0.09510565162978864
0.1
0.09510565162923934
0.08090169943697047
0.05877852522851751
0.03090169943662718
-9.109656396893056e-13
-0.03090169943837075
-0.05877852522999149
-0.08090169943804137
-0.09510565162980235
-0.1
-0.09510565162922563
-0.08090169943693769
-0.05877852522848159
-0.030901699436584957
9.553623142063203e-13
