0.0
0.018738131458572446
0.03681245526846776
0.05358267949789961
0.06845471059286881
0.0809016994374947
0.0904827052466019
0.0968583161128631
0.09980267284282715
0.09921147013144781
0.09510565162951543
0.08763066800438649
0.0770513242775791
0.0637423989748692
0.048175367410171796
0.030901699437495007
0.012533323356430717
-0.006279051952931068
-0.0248689887164852
-0.04257792915650699
-0.058778525229247085
-0.07289686274214095
-0.08443279255020135
-0.09297764858882501
-0.09822872507286882
-0.1
-0.09822872507286895
-0.09297764858882526
-0.0844327925502017
-0.0728968627421414
-0.05877852522924762
-0.04257792915650763
-0.02486898871648588
-0.006279051952931682
0.012533323356430065
0.03090169943749438
0.04817536741017118
0.06374239897486865
0.07705132427757871
0.08763066800438618
0.09510565162951524
0.09921147013144774
0.09980267284282718
0.0968583161128632
0.09048270524660215
0.08090169943749498
0.0684547105928691
0.05358267949790002
0.036812455268468124
0.018738131458572917
5.696464557944958e-16
-0.018738131458571974
-0.0368124552684674
-0.053582679497899216
-0.06845471059286853
-0.08090169943749441
-0.09048270524660174
-0.09685831611286301
-0.09980267284282712
-0.09921147013144785
-0.09510565162951554
-0.08763066800438661
-0.07705132427757933
-0.06374239897486939
-0.04817536741017195
-0.030901699437495295
-0.012533323356430932
0.006279051952930721
0.02486898871648495
0.042577929156506836
0.05877852522924684
0.0728968627421408
0.08443279255020118
0.09297764858882494
0.09822872507286878
0.1
0.09822872507286896
0.09297764858882537
0.08443279255020181
0.0728968627421415
0.05877852522924779
0.04257792915650774
0.024868988716486087
0.006279051952931896
-0.01253332335642994
-0.03090169943749418
-0.048175367410170915
-0.06374239897486862
-0.07705132427757856
-0.08763066800438604
-0.09510565162951523
-0.09921147013144772
-0.0998026728428272
-0.0968583161128633
-0.09048270524660218
-0.0809016994374951
-0.06845471059286938
-0.053582679497900056
-0.036812455268468325
-0.01873813145857313
-4.287501758288913e-16
0.018738131458571936
0.0368124552684672
0.053582679497899036
0.06845471059286849
0.08090169943749438
0.09048270524660165
0.096858316112863
0.09980267284282712
0.09921147013144788
0.09510565162951551
0.08763066800438662
0.07705132427757934
0.06374239897486955
0.048175367410171976
0.03090169943749533
0.012533323356431146
-0.006279051952930862
-0.024868988716484915
-0.04257792915650664
-0.058778525229246675
-0.07289686274214079
-0.08443279255020116
-0.09297764858882486
-0.09822872507286878
-0.1
-0.098228725072869
-0.09297764858882533
-0.08443279255020182
-0.07289686274214163
-0.05877852522924797
-0.04257792915650777
-0.024868988716486125
-0.006279051952932109
0.012533323356429905
0.030901699437494143
0.04817536741017088
0.0637423989748686
0.07705132427757855
0.08763066800438601
0.09510565162951512
0.09921147013144771
0.0998026728428272
0.09685831611286332
0.09048270524660218
0.08090169943749513
0.06845471059286941
0.05358267949790039
0.03681245526846836
0.018738131458573167
8.20760947683362e-16
-0.0187381314585719
-0.036812455268467166
-0.053582679497899
-0.06845471059286848
-0.08090169943749437
-0.09048270524660164
-0.0968583161128629
-0.09980267284282712
-0.09921147013144788
-0.09510565162951562
-0.08763066800438664
-0.07705132427757937
-0.0637423989748696
-0.048175367410172004
-0.030901699437495368
-0.012533323356431182
0.0062790519529304705
0.02486898871648488
0.04257792915650661
0.058778525229246925
0.07289686274214051
0.08443279255020114
0.09297764858882498
0.0982287250728687
0.1
0.09822872507286895
0.09297764858882547
0.08443279255020185
0.07289686274214141
0.058778525229247994
0.04257792915650781
0.024868988716486504
0.006279051952932145
-0.012533323356429869
-0.030901699437493768
-0.048175367410170845
-0.06374239897486857
-0.0770513242775783
-0.08763066800438601
-0.09510565162951522
-0.09921147013144767
-0.0998026728428272
-0.09685831611286323
-0.09048270524660235
-0.08090169943749514
-0.06845471059286919
-0.05358267949790041
-0.036812455268468394
-0.01873813145857355
-8.575003516577826e-16
0.01873813145857117
0.03681245526846614
0.05358267949789777
0.0684547105928669
0.08090169943749288
0.0904827052466004
0.09685831611286211
0.09980267284282687
0.09921147013144842
0.09510565162951706
0.08763066800438923
0.07705132427758302
0.06374239897487427
0.04817536741017796
0.030901699437502157
0.01253332335643862
-0.006279051952923343
-0.024868988716477275
-0.04257792915649918
-0.05877852522923971
-0.0728968627421344
-0.08443279255019598
-0.09297764858882118
-0.09822872507286677
-0.1
-0.09822872507287116
-0.09297764858882979
-0.08443279255020852
-0.07289686274215045
-0.058778525229258666
-0.042577929156520374
-0.02486898871649996
-0.00627905195294672
0.01253332335641538
0.03090169943747988
0.04817536741015743
0.06374239897485622
0.07705132427756808
0.08763066800437795
0.09510565162950982
0.09921147013144549
0.09980267284282834
0.09685831611286792
0.0904827052466104
0.08090169943750665
0.06845471059288398
0.05358267949791754
0.03681245526848791
0.018738131458594178
2.185525046055516e-14
-0.018738131458550543
-0.03681245526844661
-0.05358267949788004
-0.06845471059285159
-0.08090169943748055
-0.09048270524659147
-0.09685831611285688
-0.09980267284282555
-0.09921147013145104
-0.09510565162952354
-0.08763066800439934
-0.0770513242775964
-0.06374239897489045
-0.04817536741019636
-0.03090169943752213
-0.012533323356459451
0.006279051952902386
0.024868988716456934
0.04257792915648018
0.05877852522922272
0.07289686274212002
0.08443279255018472
0.09297764858881345
0.09822872507286283
0.1
0.0982287250728751
0.09297764858883753
0.08443279255021979
0.07289686274216482
0.05877852522927565
0.04257792915653938
0.024868988716520296
0.006279051952967677
-0.012533323356394547
-0.030901699437459913
-0.04817536741013903
-0.06374239897484005
-0.07705132427755469
-0.08763066800436783
-0.09510565162950334
-0.09921147013144285
-0.09980267284282966
-0.09685831611287316
-0.09048270524661933
-0.080901699437519
-0.06845471059289927
-0.05358267949793527
-0.03681245526850744
-0.0187381314586148
-4.356354330521264e-14
0.018738131458529914
0.036812455268427094
0.05358267949786231
0.06845471059283628
0.08090169943746821
0.09048270524658253
0.09685831611285166
0.09980267284282424
0.09921147013145368
0.09510565162953004
0.08763066800440945
0.07705132427760979
0.06374239897490662
0.048175367410214755
0.030901699437542098
0.012533323356480284
-0.006279051952880721
-0.0248689887164366
-0.042577929156461185
-0.058778525229205736
-0.07289686274210565
-0.08443279255017348
-0.09297764858880571
-0.0982287250728589
-0.1
-0.09822872507287903
-0.09297764858884526
-0.08443279255023103
-0.07289686274217919
-0.05877852522929264
-0.04257792915655837
-0.024868988716540637
-0.006279051952988632
0.012533323356373716
0.03090169943743994
0.04817536741012063
0.06374239897482385
0.07705132427754131
0.0876306680043577
0.09510565162949662
0.09921147013144013
0.09980267284283102
0.09685831611287819
0.09048270524662796
0.08090169943753092
0.06845471059291407
0.0535826794979524
0.0368124552685263
0.01873813145863473
6.385075067834992e-14
-0.018738131458509288
-0.03681245526840757
-0.05358267949784458
-0.06845471059282097
-0.08090169943745586
-0.09048270524657359
-0.09685831611284644
-0.09980267284282292
-0.09921147013145631
-0.09510565162953652
-0.08763066800441958
-0.07705132427762316
-0.0637423989749228
-0.04817536741023316
-0.03090169943756207
-0.012533323356501114
0.006279051952859764
0.02486898871641557
0.04257792915644154
0.058778525229188174
0.0728968627420908
0.08443279255016184
0.09297764858879773
0.09822872507285484
0.1
0.09822872507288283
0.09297764858885273
0.0844327925502419
0.07289686274219308
0.05877852522930904
0.04257792915657673
0.024868988716560285
0.00627905195300888
-0.012533323356352884
-0.030901699437419973
-0.04817536741010223
-0.06374239897480768
-0.07705132427752792
-0.0876306680043476
-0.09510565162949036
-0.09921147013143759
-0.0998026728428323
-0.09685831611288359
-0.09048270524663721
-0.08090169943754368
-0.06845471059292989
-0.053582679497970735
-0.036812455268546485
-0.018738131458656052
-8.555904352300739e-14
0.01873813145848936
0.03681245526838871
0.05358267949782745
0.0684547105928062
0.08090169943744394
0.09048270524656495
0.09685831611284139
0.09980267284282164
0.09921147013145885
0.09510565162954279
0.08763066800442935
0.0770513242776361
0.06374239897493843
0.04817536741025094
0.03090169943758136
0.012533323356521242
-0.006279051952839518
-0.024868988716395923
-0.04257792915642319
-0.05877852522917176
-0.0728968627420769
-0.08443279255015097
-0.09297764858879026
-0.0982287250728513
-0.1
-0.09822872507288663
-0.09297764858886019
-0.08443279255025277
-0.07289686274220696
-0.058778525229325466
-0.042577929156595085
-0.024868988716579936
-0.006279051953029126
0.012533323356332757
0.030901699437400676
0.04817536741008445
0.06374239897479204
0.07705132427751499
0.08763066800433783
0.09510565162948409
0.09921147013143505
0.09980267284283358
0.09685831611288864
0.09048270524664584
0.0809016994375556
0.06845471059294468
0.05358267949798787
0.03681245526856535
0.01873813145867598
1.0584625089614468e-13
-0.01873813145846804
-0.03681245526836852
-0.05358267949780912
-0.06845471059279036
-0.08090169943743117
-0.09048270524655572
-0.09685831611283635
-0.09980267284282038
-0.0992114701314614
-0.09510565162954907
-0.08763066800443912
-0.07705132427764903
-0.06374239897495407
-0.04817536741026871
-0.030901699437600655
-0.012533323356541372
0.0062790519528192704
0.024868988716376272
0.04257792915640483
0.058778525229155346
0.07289686274206301
0.0844327925501401
0.09297764858878278
0.09822872507284723
0.1
0.0982287250728907
0.09297764858886819
0.08443279255026441
0.07289686274222183
0.05877852522934303
0.04257792915661473
0.024868988716600964
0.006279051953050792
-0.012533323356311219
-0.030901699437380033
-0.04817536741006542
-0.06374239897477534
-0.07705132427750117
-0.08763066800432737
-0.09510565162947737
-0.0992114701314325
-0.09980267284283484
-0.09685831611289368
-0.09048270524665447
-0.08090169943756753
-0.06845471059295948
-0.05358267949800499
-0.03681245526858421
-0.01873813145869591
-1.2613345826928193e-13
0.01873813145844811
0.03681245526834966
0.053582679497791996
0.06845471059277557
0.08090169943741925
0.09048270524654707
0.09685831611283094
0.09980267284281902
0.09921147013146413
0.09510565162955577
0.08763066800444957
0.07705132427766287
0.06374239897497079
0.04817536741028774
0.0309016994376213
0.012533323356562907
-0.006279051952797605
-0.024868988716355244
-0.04257792915638519
-0.05877852522913778
-0.07289686274204817
-0.08443279255012848
-0.09297764858877479
-0.09822872507284315
-0.1
-0.0982287250728945
-0.09297764858887565
-0.08443279255027528
-0.07289686274223571
-0.05877852522935944
-0.04257792915663308
-0.02486898871662061
-0.0062790519530710395
0.012533323356291093
0.030901699437360736
0.04817536741004765
0.0637423989747597
0.07705132427748823
0.0876306680043176
0.0951056516294711
0.09921147013142978
0.09980267284283621
0.09685831611289908
0.09048270524666373
0.0809016994375803
0.0684547105929753
0.05358267949802331
0.0368124552686044
0.018738131458717232
1.4784175111393943e-13
-0.018738131458426784
-0.03681245526832948
-0.05358267949777367
-0.06845471059275975
-0.0809016994374065
-0.09048270524653783
-0.09685831611282554
-0.09980267284281774
-0.09921147013146667
-0.09510565162956204
-0.08763066800445934
-0.0770513242776758
-0.06374239897498643
-0.048175367410305515
-0.030901699437640595
-0.012533323356583035
0.006279051952777358
0.024868988716335597
0.04257792915636683
0.05877852522912137
0.07289686274203427
0.0844327925501176
0.09297764858876734
0.09822872507283936
0.1
0.09822872507289857
0.09297764858888365
0.0844327925502869
0.07289686274225057
0.058778525229377
0.04257792915665273
0.02486898871664164
0.0062790519530927045
-0.012533323356269555
-0.030901699437340092
-0.048175367410028626
-0.06374239897474297
-0.0770513242774744
-0.08763066800430713
-0.0951056516294644
-0.09921147013142706
-0.09980267284283749
-0.09685831611290413
-0.09048270524667236
-0.0809016994375922
-0.06845471059299008
-0.05358267949804044
-0.036812455268623256
-0.01873813145873716
-1.681289584870767e-13
0.018738131458406856
0.03681245526831061
0.05358267949775654
0.06845471059274497
0.08090169943739456
0.09048270524652918
0.0968583161128205
0.09980267284281637
0.09921147013146939
0.09510565162956874
0.08763066800446981
0.07705132427768964
0.06374239897500315
0.048175367410324535
0.030901699437661242
0.012533323356604571
-0.006279051952755692
-0.02486898871631457
-0.042577929156347186
-0.05877852522910381
-0.07289686274201941
-0.08443279255010598
-0.09297764858875934
-0.0982287250728353
-0.1
-0.09822872507290237
-0.09297764858889111
-0.08443279255029779
-0.07289686274226446
-0.05877852522939341
-0.042577929156671086
-0.024868988716661287
-0.006279051953112952
0.012533323356249427
0.030901699437320795
0.04817536741001085
0.06374239897472733
0.07705132427746146
0.08763066800429736
0.09510565162945812
0.09921147013142452
0.09980267284283885
0.09685831611290951
0.09048270524668162
0.08090169943760497
0.06845471059300591
0.053582679498058776
0.03681245526864344
0.018738131458758484
1.8983725133173418e-13
-0.018738131458385536
-0.03681245526829043
-0.053582679497738206
-0.06845471059272913
-0.0809016994373818
-0.09048270524651995
-0.09685831611281509
-0.09980267284281501
-0.09921147013147193
-0.09510565162957502
-0.08763066800447959
-0.07705132427770256
-0.06374239897501878
-0.04817536741034231
-0.030901699437680535
-0.0125333233566247
0.006279051952735444
0.02486898871629492
0.04257792915632883
0.0587785252290874
0.07289686274200552
0.0844327925500951
0.09297764858875186
0.09822872507283148
0.1
0.09822872507290643
0.0929776485888991
0.08443279255030942
0.07289686274227931
0.05877852522940982
0.04257792915669073
0.02486898871668094
0.006279051953134618
-0.012533323356229302
-0.030901699437300152
-0.04817536740999307
-0.06374239897471061
-0.07705132427744853
-0.0876306680042869
-0.09510565162945187
-0.09921147013142179
-0.09980267284284011
-0.09685831611291491
-0.09048270524669025
-0.08090169943761773
-0.0684547105930207
-0.0535826794980771
-0.0368124552686623
-0.018738131458779807
-2.1012445870487144e-13
0.01873813145836421
0.036812455268271566
0.05358267949771988
0.06845471059271434
0.08090169943736905
0.09048270524651131
0.0968583161128097
0.09980267284281374
0.09921147013147447
0.09510565162958173
0.08763066800448936
0.0770513242777164
0.0637423989750344
0.04817536741036134
0.030901699437699832
0.012533323356646234
-0.006279051952715198
-0.024868988716273892
-0.04257792915631048
-0.05877852522906984
-0.07289686274199163
-0.08443279255008347
-0.09297764858874441
-0.09822872507282743
-0.1
-0.0982287250729105
-0.09297764858890657
-0.08443279255032105
-0.0728968627422932
-0.05877852522942854
-0.042577929156709084
-0.02486898871670334
-0.006279051953154865
0.012533323356206353
0.030901699437280855
0.0481753674099728
0.06374239897469497
0.07705132427743377
0.08763066800427713
0.09510565162944472
0.09921147013141925
0.09980267284284157
0.09685831611291996
0.09048270524669888
0.08090169943762965
0.06845471059303548
0.053582679498094234
0.03681245526868117
0.018738131458799736
2.3041166607800874e-13
-0.01873813145834428
-0.036812455268252706
-0.05358267949770275
-0.06845471059269956
-0.08090169943735712
-0.09048270524650268
-0.09685831611280465
-0.09980267284281247
-0.09921147013147737
-0.09510565162958799
-0.0876306680045005
-0.07705132427772933
-0.06374239897505224
-0.048175367410379116
-0.030901699437721832
-0.012533323356666362
0.0062790519526921135
0.024868988716254245
0.04257792915628955
0.05877852522905343
0.07289686274197581
0.08443279255007259
0.09297764858873589
0.09822872507282361
0.1
0.0982287250729143
0.09297764858891404
0.08443279255033191
0.0728968627423071
0.05877852522944495
0.042577929156727444
0.02486898871672299
0.0062790519531751125
-0.012533323356186227
-0.03090169943726156
-0.048175367409955025
-0.06374239897467936
-0.07705132427742085
-0.08763066800426736
-0.09510565162943845
-0.0992114701314167
-0.09980267284284285
-0.096858316112925
-0.09048270524670873
-0.08090169943764158
-0.06845471059305235
-0.053582679498111366
-0.03681245526870267
-0.018738131458819664
-2.535410443941864e-13
0.018738131458324356
0.0368124552682312
0.053582679497685616
0.0684547105926827
0.0809016994373452
0.09048270524649282
0.0968583161127996
0.09980267284281101
0.0992114701314799
0.09510565162959426
0.08763066800451028
0.07705132427774226
0.06374239897506788
0.048175367410396894
0.030901699437741122
0.012533323356686492
-0.0062790519526718675
-0.024868988716234594
-0.04257792915627119
-0.05877852522903701
-0.07289686274196193
-0.08443279255006172
-0.09297764858872842
-0.09822872507281982
-0.1
-0.0982287250729181
-0.09297764858892255
-0.08443279255034279
-0.07289686274232292
-0.058778525229461365
-0.04257792915674837
-0.024868988716742643
-0.006279051953198195
0.012533323356166099
0.03090169943723957
0.04817536740993725
0.06374239897466152
0.07705132427740792
0.08763066800425622
0.09510565162943217
0.0992114701314138
0.09980267284284412
0.09685831611293076
0.09048270524671737
0.0809016994376535
0.06845471059306713
0.0535826794981285
0.03681245526872153
0.018738131458839593
2.738282517673237e-13
-0.018738131458304427
-0.036812455268212335
-0.053582679497668484
-0.0684547105926679
-0.08090169943733327
-0.09048270524648419
-0.09685831611279457
-0.09980267284280973
-0.09921147013148246
-0.09510565162960141
-0.08763066800452005
-0.07705132427775702
-0.0637423989750835
-0.04817536741041716
-0.030901699437760416
-0.012533323356709437
0.00627905195265162
0.02486898871621219
0.04257792915625283
0.0587785252290183
0.07289686274194804
0.08443279255004933
0.09297764858872094
0.09822872507281549
0.1
0.09822872507292243
0.09297764858893003
0.08443279255035366
0.07289686274233681
0.058778525229477775
0.042577929156766725
0.02486898871676229
0.0062790519532184425
-0.012533323356145971
-0.03090169943722027
-0.04817536740991947
-0.06374239897464588
-0.07705132427739499
-0.08763066800424645
-0.09510565162942591
-0.09921147013141127
-0.0998026728428454
-0.09685831611293581
-0.09048270524672601
-0.0809016994376671
-0.06845471059308192
-0.053582679498148024
-0.0368124552687404
-0.01873813145886231
-2.94115459140461e-13
0.018738131458281706
0.036812455268193475
0.05358267949764896
0.06845471059265311
0.08090169943731967
0.09048270524647556
0.09685831611278882
0.09980267284280847
0.09921147013148535
0.09510565162960767
0.08763066800452983
0.07705132427776995
0.06374239897509913
0.04817536741043494
0.030901699437779713
0.012533323356729565
-0.006279051952631372
-0.02486898871619254
-0.04257792915623448
-0.05877852522900189
-0.07289686274193415
-0.08443279255003847
-0.09297764858871349
-0.09822872507281168
-0.1
-0.09822872507292624
-0.09297764858893749
-0.08443279255036605
-0.0728968627423507
-0.05877852522949648
-0.04257792915678508
-0.024868988716784696
-0.00627905195323869
0.012533323356123026
0.030901699437200975
0.0481753674098992
0.06374239897463026
0.07705132427738025
0.08763066800423666
0.09510565162941875
0.09921147013140873
0.09980267284284684
0.09685831611294085
0.09048270524673585
0.08090169943767903
0.06845471059309671
0.053582679498165156
0.03681245526875926
0.01873813145888224
3.1440266651359825e-13
-0.018738131458261777
-0.03681245526817461
-0.05358267949763184
-0.06845471059263833
-0.08090169943730775
-0.09048270524646691
-0.09685831611278377
-0.0998026728428072
-0.0992114701314879
-0.09510565162961394
-0.08763066800454096
-0.07705132427778288
-0.06374239897511695
-0.04817536741045272
-0.030901699437801706
-0.012533323356749691
0.006279051952608289
0.02486898871617289
0.04257792915621355
0.05877852522898547
0.07289686274191831
0.0844327925500276
0.09297764858870497
0.09822872507280789
0.1
0.09822872507293004
0.09297764858894601
0.08443279255037692
0.0728968627423646
0.05877852522951291
0.04257792915680344
0.024868988716804343
0.006279051953258937
-0.012533323356102896
-0.03090169943718168
-0.048175367409881424
-0.06374239897461463
-0.07705132427736731
-0.08763066800422689
-0.09510565162941248
-0.09921147013140619
-0.09980267284284812
-0.0968583161129459
-0.0904827052467445
-0.08090169943769095
-0.06845471059311357
-0.053582679498182274
-0.03681245526878076
-0.018738131458902168
-3.375320448297759e-13
0.018738131458241852
0.036812455268153105
0.05358267949761471
0.06845471059262147
0.08090169943729583
0.09048270524645706
0.09685831611277873
0.09980267284280574
0.09921147013149044
0.09510565162962109
0.08763066800455074
0.0770513242777958
0.06374239897513259
0.048175367410470495
0.030901699437821003
0.01253332335676982
-0.006279051952588041
-0.024868988716153242
-0.04257792915619519
-0.058778525228969064
-0.07289686274190442
-0.08443279255001673
-0.0929776485886975
-0.09822872507280407
-0.1
-0.09822872507293384
-0.09297764858895347
-0.08443279255038778
-0.07289686274238043
-0.05877852522952931
-0.042577929156824366
-0.024868988716823994
-0.006279051953282021
0.012533323356082772
0.030901699437159688
0.04817536740986365
0.06374239897459681
0.0770513242773544
0.08763066800421576
0.09510565162940622
0.09921147013140329
0.0998026728428494
0.09685831611295165
0.09048270524675313
0.08090169943770287
0.06845471059312835
0.053582679498199406
0.03681245526879963
0.018738131458922096
3.578192522029132e-13
-0.018738131458221924
-0.036812455268134245
-0.053582679497597575
-0.06845471059260669
-0.08090169943728391
-0.09048270524644841
-0.09685831611277368
-0.09980267284280446
-0.09921147013149298
-0.09510565162962736
-0.08763066800456051
-0.07705132427781054
-0.06374239897514822
-0.04817536741049076
-0.030901699437840296
-0.012533323356792768
0.006279051952567795
0.024868988716130837
0.042577929156176836
0.05877852522895036
0.07289686274189054
0.08443279255000433
0.09297764858869002
0.09822872507279974
0.1
0.09822872507293817
0.09297764858896095
0.08443279255040018
0.0728968627423943
0.05877852522954572
0.04257792915684272
0.02486898871684364
0.006279051953302269
-0.012533323356062644
-0.03090169943714039
-0.04817536740984587
-0.06374239897458117
-0.07705132427734146
-0.08763066800420598
-0.09510565162939995
-0.09921147013140075
-0.09980267284285067
-0.0968583161129567
-0.09048270524676177
-0.08090169943771647
-0.06845471059314315
-0.05358267949821893
-0.03681245526881849
-0.018738131458944814
-3.7810645957605045e-13
0.018738131458199202
0.03681245526811538
0.05358267949757805
0.0684547105925919
0.08090169943727031
0.09048270524643978
0.09685831611276792
0.0998026728428032
0.09921147013149588
0.09510565162963364
0.08763066800457166
0.07705132427782348
0.06374239897516386
0.04817536741050854
0.030901699437859594
0.012533323356812892
-0.006279051952547548
-0.02486898871611119
-0.04257792915615848
-0.05877852522893393
-0.07289686274187665
-0.08443279254999346
-0.09297764858868257
-0.09822872507279595
-0.1
-0.09822872507294197
-0.09297764858896841
-0.08443279255041106
-0.0728968627424082
-0.05877852522956444
-0.04257792915686108
-0.024868988716866047
-0.0062790519533225155
0.012533323356039697
0.030901699437121094
0.0481753674098256
0.06374239897456555
0.07705132427732671
0.08763066800419621
0.0951056516293928
0.0992114701313982
0.09980267284285212
0.09685831611296175
0.09048270524677161
0.0809016994377284
0.06845471059315793
0.053582679498236065
0.036812455268837356
0.018738131458964743
3.983936669491878e-13
-0.018738131458179274
-0.03681245526809652
-0.05358267949756092
-0.06845471059257711
-0.08090169943725839
-0.09048270524643115
-0.09685831611276288
-0.09980267284280192
-0.09921147013149842
-0.09510565162963991
-0.08763066800458143
-0.07705132427783641
-0.06374239897518168
-0.04817536741052632
-0.030901699437881586
-0.01253332335683302
0.006279051952524463
0.02486898871609154
0.042577929156137555
0.05877852522891752
0.07289686274186082
0.0844327925499826
0.09297764858867405
0.09822872507279214
0.1
0.09822872507294578
0.09297764858897693
0.08443279255042192
0.07289686274242403
0.05877852522958085
0.042577929156879434
0.024868988716885695
0.006279051953342763
-0.012533323356019569
-0.0309016994371018
-0.04817536740980782
-0.0637423989745499
-0.07705132427731377
-0.08763066800418644
-0.09510565162938654
-0.09921147013139565
-0.0998026728428534
-0.09685831611296679
-0.09048270524678026
-0.08090169943774032
-0.0684547105931748
-0.0535826794982532
-0.03681245526885886
-0.01873813145898467
-4.2152304526536544e-13
0.01873813145815935
0.036812455268075014
0.053582679497543785
0.06845471059256024
0.08090169943724645
0.0904827052464213
0.09685831611275784
0.09980267284280046
0.09921147013150096
0.09510565162964706
0.0876306680045912
0.07705132427785116
0.0637423989751973
0.048175367410544095
0.030901699437900883
0.012533323356853147
-0.006279051952504217
-0.024868988716071887
-0.042577929156119194
-0.05877852522890112
-0.07289686274184692
-0.08443279254997171
-0.09297764858866658
-0.09822872507278835
-0.1
-0.09822872507294958
-0.09297764858898439
-0.08443279255043279
-0.07289686274243792
-0.058778525229597256
-0.04257792915690037
-0.024868988716905346
-0.006279051953365845
0.01253332335599944
0.030901699437079808
0.048175367409790046
0.06374239897453209
0.07705132427730084
0.0876306680041753
0.09510565162938027
0.09921147013139275
0.09980267284285467
0.09685831611297253
0.09048270524678889
0.08090169943775391
0.06845471059318958
0.05358267949827033
0.03681245526887772
0.0187381314590046
4.418102526385027e-13
-0.01873813145813942
-0.03681245526805615
-0.05358267949752665
-0.06845471059254546
-0.08090169943723453
-0.09048270524641266
-0.0968583161127528
-0.09980267284279919
-0.0992114701315035
-0.09510565162965331
-0.08763066800460097
-0.0770513242778641
-0.06374239897521293
-0.048175367410564364
-0.030901699437920177
-0.012533323356876095
0.006279051952483969
0.024868988716049485
0.04257792915610084
0.0587785252288824
0.07289686274183303
0.08443279254995933
0.0929776485886591
0.098228725072784
0.1
0.09822872507295391
0.09297764858899187
0.08443279255044518
0.07289686274245182
0.05877852522961598
0.042577929156918715
0.024868988716924997
0.006279051953386093
-0.012533323355979314
-0.03090169943706051
-0.04817536740977227
-0.06374239897451646
-0.07705132427728792
-0.08763066800416552
-0.095105651629374
-0.09921147013139021
-0.09980267284285595
-0.09685831611297759
-0.09048270524679752
-0.08090169943776583
-0.06845471059320438
-0.053582679498289855
-0.036812455268896586
-0.018738131459027318
-4.6209746001164e-13
0.0187381314581167
0.03681245526803729
0.05358267949750713
0.06845471059253067
0.08090169943722093
0.09048270524640402
0.09685831611274703
0.09980267284279792
0.0992114701315064
0.09510565162965959
0.08763066800461211
0.07705132427787702
0.06374239897523075
0.04817536741058215
0.030901699437939474
0.01253332335689622
-0.0062790519524637215
-0.024868988716029834
-0.04257792915608248
-0.05877852522886599
-0.07289686274181915
-0.08443279254994845
-0.09297764858865165
-0.0982287250727802
-0.1
-0.09822872507295771
-0.09297764858899933
-0.08443279255045605
-0.07289686274246569
-0.05877852522963239
-0.042577929156937075
-0.0248689887169474
-0.006279051953406341
0.012533323355956368
0.030901699437041213
0.048175367409752
0.06374239897450083
0.07705132427727318
0.08763066800415574
0.09510565162936685
0.09921147013138767
0.09980267284285739
0.09685831611298262
0.09048270524680738
0.08090169943777775
0.06845471059322124
0.05358267949830699
0.036812455268915446
0.018738131459047246
4.823846673847773e-13
-0.01873813145809677
-0.03681245526801843
-0.05358267949749001
-0.06845471059251589
-0.08090169943720901
-0.09048270524639539
-0.096858316112742
-0.09980267284279665
-0.09921147013150859
-0.09510565162966586
-0.08763066800462188
-0.07705132427789176
-0.0637423989752442
-0.04817536741059992
-0.030901699437961467
-0.012533323356919169
0.0062790519524434756
0.024868988716010187
0.04257792915606155
0.05877852522884727
0.07289686274180526
0.08443279254993759
0.09297764858864313
0.09822872507277587
0.1
0.09822872507296151
0.09297764858900785
0.08443279255046846
0.07289686274247957
0.0587785252296488
0.042577929156958
0.024868988716964295
0.006279051953426588
-0.012533323355936241
-0.03090169943701922
-0.048175367409736713
-0.06374239897448519
-0.07705132427726025
-0.0876306680041446
-0.09510565162936147
-0.09921147013138513
-0.09980267284285867
-0.09685831611298838
-0.0904827052468148
-0.08090169943778969
-0.06845471059323603
-0.05358267949832651
-0.036812455268934306
-0.018738131459067175
-5.055140457009549e-13
0.018738131458074053
0.03681245526799956
0.053582679497472877
0.06845471059249901
0.08090169943719543
0.09048270524638674
0.09685831611273694
0.09980267284279519
0.09921147013151184
0.09510565162967212
0.08763066800463166
0.07705132427790469
0.06374239897526421
0.0481753674106177
0.030901699437980764
0.012533323356939297
-0.006279051952423228
-0.024868988715990536
-0.04257792915604319
-0.05877852522883086
-0.07289686274179137
-0.08443279254992671
-0.09297764858863566
-0.09822872507277207
-0.1
-0.09822872507296532
-0.0929776485890153
-0.08443279255047932
-0.07289686274249346
-0.058778525229665216
-0.04257792915697636
-0.02486898871698945
-0.006279051953446835
0.012533323355916113
0.030901699436999927
0.048175367409713954
0.06374239897446957
0.07705132427724731
0.08763066800413483
0.09510565162935343
0.0992114701313826
0.09980267284285994
0.09685831611299343
0.09048270524682586
0.08090169943780161
0.06845471059325081
0.05358267949834364
0.036812455268958454
0.018738131459087103
5.258012530740922e-13
-0.018738131458054124
-0.0368124552679807
-0.053582679497455744
-0.06845471059248423
-0.0809016994371835
-0.09048270524637811
-0.09685831611273191
-0.09980267284279391
-0.09921147013151438
-0.09510565162967839
-0.08763066800464143
-0.07705132427791762
-0.06374239897527983
-0.048175367410635474
-0.030901699438000058
-0.012533323356959423
0.006279051952397308
0.02486898871597089
0.042577929156024846
0.05877852522881445
0.0728968627417736
0.08443279254991584
0.09297764858862818
0.09822872507276827
0.1
0.09822872507296912
0.09297764858902278
0.08443279255049019
0.07289686274251125
0.058778525229681626
0.042577929156994716
0.0248689887170091
0.006279051953467081
-0.012533323355895985
-0.03090169943698063
-0.04817536740969617
-0.06374239897445393
-0.07705132427723438
-0.08763066800412506
-0.09510565162934716
-0.09921147013138004
-0.09980267284286122
-0.09685831611299847
-0.0904827052468345
-0.08090169943781354
-0.0684547105932656
-0.053582679498360763
-0.03681245526897732
-0.018738131459107032
-5.460884604472295e-13
0.018738131458034196
0.036812455267956554
0.05358267949743861
0.06845471059246944
0.08090169943717157
0.09048270524636705
0.09685831611272686
0.09980267284279265
0.09921147013151693
0.09510565162968643
0.0876306680046512
0.07705132427793056
0.06374239897529548
0.04817536741065823
0.030901699438019355
0.01253332335697955
-0.00627905195237706
-0.024868988715951237
-0.042577929156006486
-0.058778525228798034
-0.0728968627417597
-0.08443279254990498
-0.09297764858862073
-0.09822872507276446
-0.1
-0.09822872507297292
-0.09297764858903025
-0.08443279255050107
-0.07289686274252515
-0.058778525229698037
-0.04257792915701308
-0.02486898871702875
-0.006279051953493002
0.012533323355875859
0.030901699436961333
0.0481753674096784
0.06374239897443393
0.07705132427722144
0.08763066800411529
0.0951056516293409
0.0992114701313768
0.09980267284286248
0.09685831611300352
0.09048270524684314
0.08090169943782881
0.06845471059328039
0.053582679498377896
0.03681245526899618
0.01873813145913254
5.663756678203668e-13
-0.01873813145801427
-0.03681245526793769
-0.05358267949742149
-0.06845471059245466
-0.08090169943715965
-0.09048270524635842
-0.09685831611272182
-0.09980267284279137
-0.09921147013151947
-0.0951056516296927
-0.08763066800466099
-0.07705132427794348
-0.0637423989753111
-0.04817536741067602
-0.030901699438038645
-0.012533323356999677
0.006279051952356812
0.02486898871592608
0.042577929155988126
0.058778525228781624
0.07289686274174582
0.08443279254989106
0.09297764858861325
0.09822872507276066
0.1
0.0982287250729778
0.09297764858903772
0.08443279255051193
0.07289686274253902
0.05877852522971905
0.04257792915703143
0.0248689887170484
0.00627905195351325
-0.012533323355855731
-0.030901699436942043
-0.048175367409660615
-0.06374239897441829
-0.07705132427720851
-0.0876306680041055
-0.09510565162933463
-0.09921147013137425
-0.09980267284286376
-0.09685831611300856
-0.09048270524685177
-0.08090169943784073
-0.06845471059329518
-0.05358267949839503
-0.03681245526901505
-0.018738131459152468
-5.86662875193504e-13
0.018738131457994342
0.036812455267924114
0.053582679497409164
0.068454710592444
0.0809016994371544
0.09048270524635704
0.096858316112721
0.09980267284279153
0.09921147013151846
0.09510565162968843
0.08763066800465708
0.07705132427793468
0.06374239897529609
0.048175367410653945
0.03090169943801469
0.012533323356969049
-0.006279051952387624
-0.02486898871596149
-0.04257792915602121
-0.0587785252288158
-0.07289686274177863
-0.08443279254991978
-0.092977648588633
-0.09822872507277071
-0.1
-0.09822872507296561
-0.0929776485890138
-0.08443279255047408
-0.07289686274248676
-0.05877852522965729
-0.042577929156962346
-0.024868988716968948
-0.006279051953425707
0.012533323355942755
0.030901699437030868
0.04817536740974745
0.06374239897449463
0.07705132427727168
0.08763066800415598
0.09510565162936875
0.09921147013138881
0.09980267284285647
0.09685831611297968
0.09048270524679991
0.08090169943776578
0.06845471059320223
0.053582679498282576
0.03681245526888593
0.01873813145901047
4.4778850975637883e-13
-0.01873813145813634
-0.03681245526805852
-0.053582679497531205
-0.06845471059255352
-0.08090169943724272
-0.09048270524641859
-0.09685831611275697
-0.09980267284280059
-0.09921147013150033
-0.09510565162964374
-0.08763066800458469
-0.07705132427783891
-0.06374239897518469
-0.04817536741052727
-0.030901699437877208
-0.01253332335682563
0.00627905195253757
0.024868988716107012
0.04257792915615201
0.058778525228932746
0.07289686274187758
0.08443279254999725
0.09297764858868621
0.09822872507279887
0.1
0.09822872507293852
0.09297764858896058
0.08443279255039661
0.07289686274238781
0.05877852522953573
0.0425779291568264
0.024868988716828928
0.006279051953281434
-0.012533323356086173
-0.03090169943716835
-0.048175367409874124
-0.06374239897461041
-0.07705132427736744
-0.08763066800422561
-0.09510565162941342
-0.09921147013140692
-0.0998026728428474
-0.09685831611294232
-0.09048270524673593
-0.08090169943768082
-0.06845471059309685
-0.053582679498160514
-0.036812455268751515
-0.018738131458868473
-2.975454605470921e-13
0.018738131458283923
0.03681245526819293
0.05358267949765327
0.06845471059265891
0.08090169943732768
0.09048270524648255
0.09685831611279433
0.09980267284280968
0.09921147013148222
0.09510565162959908
0.08763066800451504
0.07705132427774676
0.06374239897506893
0.0481753674103956
0.030901699437739724
0.01253332335668221
-0.006279051952681844
-0.02486898871624703
-0.04257792915628795
-0.058778525229054294
-0.07289686274197654
-0.0844327925500747
-0.09297764858873941
-0.09822872507282594
-0.1
-0.09822872507291036
-0.09297764858890528
-0.08443279255031916
-0.07289686274228885
-0.05877852522941878
-0.04257792915669561
-0.024868988716683405
-0.006279051953131488
0.012533323356229593
0.030901699437305835
0.0481753674100008
0.06374239897472178
0.07705132427745959
0.087630668004298
0.09510565162945986
0.09921147013142505
0.09980267284283832
0.09685831611290636
0.09048270524667439
0.0809016994375925
0.06845471059298733
0.05358267949803846
0.03681245526861711
0.018738131458726475
1.5298675322388613e-13
-0.01873813145842592
-0.03681245526833262
-0.05358267949778012
-0.06845471059276428
-0.08090169943741266
-0.09048270524654412
-0.09685831611283027
-0.09980267284281912
-0.09921147013146339
-0.09510565162955441
-0.08763066800444541
-0.07705132427765463
-0.06374239897495754
-0.04817536741026893
-0.03090169943759684
-0.012533323356533153
0.006279051952826117
0.024868988716387045
0.04257792915641875
0.05877852522917124
0.07289686274207939
0.0844327925501552
0.09297764858879264
0.09822872507285303
0.1
0.09822872507288329
0.09297764858885205
0.08443279255023865
0.072896862742186
0.058778525229301826
0.0425779291565648
0.02486898871654339
0.006279051952987214
-0.012533323356378651
-0.030901699437448728
-0.048175367410127484
-0.06374239897483318
-0.07705132427755174
-0.08763066800436764
-0.09510565162950452
-0.09921147013144388
-0.09980267284282889
-0.09685831611287042
-0.09048270524661284
-0.08090169943750752
-0.06845471059288195
-0.0535826794979116
-0.036812455268477415
-0.018738131458584478
-8.428045900680143e-15
0.018738131458567918
0.03681245526846703
0.05358267949790218
0.06845471059287381
0.08090169943750097
0.09048270524660566
0.09685831611286622
0.09980267284282818
0.09921147013144527
0.09510565162950797
0.08763066800437302
0.07705132427756248
0.06374239897484617
0.04817536741014225
0.03090169943745935
0.012533323356389734
-0.006279051952976064
-0.024868988716532568
-0.04257792915654955
-0.0587785252292882
-0.07289686274217835
-0.08443279255023267
-0.09297764858884794
-0.09822872507288119
-0.1
-0.0982287250728562
-0.09297764858879884
-0.08443279255016119
-0.07289686274208704
-0.058778525229180284
-0.042577929156428856
-0.024868988716403372
-0.006279051952842941
0.01253332335652207
0.03090169943758621
0.048175367410259136
0.06374239897494893
0.07705132427764749
0.08763066800443728
0.0951056516295492
0.09921147013146199
0.09980267284281981
0.09685831611283305
0.09048270524654886
0.08090169943742256
0.06845471059277657
0.053582679497789554
0.03681245526834301
0.018738131458436894
-1.4181500330860664e-13
-0.018738131458715498
-0.036812455268601434
-0.053582679498024234
-0.06845471059297918
-0.08090169943758593
-0.09048270524666963
-0.09685831611290359
-0.09980267284283727
-0.09921147013142716
-0.09510565162946331
-0.08763066800430339
-0.0770513242774667
-0.0637423989747304
-0.04817536741001059
-0.030901699437321867
-0.012533323356246316
0.006279051953120338
0.024868988716672584
0.04257792915668549
0.05877852522940974
0.0728968627422773
0.08443279255031012
0.09297764858890116
0.09822872507290828
0.1
0.09822872507282804
0.09297764858874354
0.08443279255008374
0.07289686274198807
0.05877852522906333
0.04257792915629806
0.02486898871625785
0.006279051952692994
-0.012533323356665488
-0.030901699437723695
-0.04817536741038581
-0.06374239897506032
-0.07705132427773964
-0.08763066800450967
-0.09510565162959563
-0.0992114701314801
-0.09980267284281073
-0.0968583161127971
-0.09048270524648731
-0.08090169943733425
-0.06845471059266704
-0.0535826794976675
-0.0368124552682086
-0.018738131458294897
2.8637371063181263e-13
0.0187381314588575
0.03681245526874113
0.05358267949815109
0.06845471059308457
0.0809016994376709
0.09048270524673119
0.09685831611293955
0.09980267284284669
0.09921147013140832
0.09510565162941864
0.08763066800423375
0.07705132427737456
0.06374239897461902
0.048175367409883915
0.03090169943717898
0.012533323356097257
-0.006279051953264611
-0.024868988716812604
-0.042577929156816297
-0.058778525229526694
-0.07289686274238015
-0.08443279255039063
-0.09297764858895438
-0.09822872507293537
-0.1
-0.09822872507280095
-0.09297764858869031
-0.08443279255000323
-0.07289686274188523
-0.05877852522894638
-0.04257792915616726
-0.02486898871611783
-0.00627905195254872
0.012533323356814547
0.03090169943786658
0.048175367410512496
0.0637423989751717
0.07705132427783179
0.0876306680045793
0.0951056516296403
0.09921147013149895
0.0998026728428013
0.09685831611276115
0.09048270524642577
0.08090169943724929
0.06845471059256168
0.05358267949754064
0.03681245526806891
0.018738131458152896
-4.309324179550186e-13
-0.018738131458999496
-0.036812455268875534
-0.05358267949827314
-0.06845471059319408
-0.08090169943775921
-0.09048270524679274
-0.09685831611297549
-0.09980267284285577
-0.0992114701313902
-0.0951056516293722
-0.08763066800416136
-0.07705132427728241
-0.06374239897450762
-0.04817536740975723
-0.030901699437041498
-0.012533323355953838
0.006279051953414558
0.024868988716958126
0.042577929156947095
0.05877852522964364
0.07289686274247911
0.08443279255046808
0.09297764858900968
0.09822872507296353
0.1
0.09822872507277386
0.09297764858863711
0.08443279254992576
0.07289686274178628
0.05877852522882483
0.04257792915603131
0.024868988715977813
0.006279051952404447
-0.012533323356957966
-0.03090169943800407
-0.048175367410644154
-0.06374239897528747
-0.07705132427792394
-0.08763066800464894
-0.09510565162968497
-0.09921147013151706
-0.09980267284279222
-0.09685831611272379
-0.0904827052463618
-0.08090169943716431
-0.0684547105924563
-0.05358267949741859
-0.0368124552679345
-0.018738131458005316
5.811754671643054e-13
