0.0
0.012533323356430412
0.024868988716485456
0.03681245526846776
0.048175367410171484
0.05877852522924727
0.06845471059286881
0.07705132427757888
0.08443279255020146
0.0904827052466019
0.09510565162951533
0.09822872507286884
0.09980267284282715
0.09980267284282718
0.09822872507286891
0.09510565162951543
0.09048270524660205
0.08443279255020161
0.07705132427757908
0.06845471059286902
0.05877852522924751
0.04817536741017172
0.036812455268467985
0.0248689887164857
0.012533323356430632
2.342910729165048e-16
-0.012533323356430166
-0.024868988716485244
-0.03681245526846754
-0.04817536741017131
-0.058778525229247085
-0.06845471059286867
-0.07705132427757877
-0.08443279255020139
-0.09048270524660183
-0.09510565162951529
-0.09822872507286882
-0.09980267284282715
-0.09980267284282718
-0.09822872507286894
-0.09510565162951545
-0.09048270524660207
-0.08443279255020164
-0.07705132427757913
-0.0684547105928691
-0.05877852522924755
-0.04817536741017177
-0.03681245526846803
-0.024868988716485796
-0.012533323356430731
-3.797643038629971e-16
0.012533323356430065
0.024868988716485144
0.03681245526846741
0.04817536741017118
0.05877852522924701
0.0684547105928686
0.07705132427757871
0.0844327925502013
0.09048270524660179
0.09510565162951524
0.0982287250728688
0.09980267284282714
0.09980267284282718
0.09822872507286894
0.09510565162951548
0.09048270524660215
0.0844327925502017
0.0770513242775792
0.0684547105928691
0.058778525229247626
0.048175367410171935
0.036812455268468124
0.024868988716485893
0.01253332335643092
3.9201077185447073e-16
-0.012533323356429966
-0.024868988716485133
-0.0368124552684674
-0.04817536741017109
-0.058778525229246995
-0.06845471059286853
-0.0770513242775787
-0.08443279255020128
-0.09048270524660174
-0.09510565162951523
-0.09822872507286878
-0.09980267284282714
-0.09980267284282718
-0.09822872507286896
-0.0951056516295155
-0.09048270524660217
-0.08443279255020171
-0.07705132427757921
-0.06845471059286924
-0.05877852522924764
-0.04817536741017195
-0.03681245526846814
-0.024868988716485907
-0.012533323356430932
-4.0425723984594423e-16
0.012533323356429952
0.02486898871648495
0.03681245526846739
0.04817536741017108
0.05877852522924698
0.06845471059286852
0.07705132427757858
0.08443279255020128
0.09048270524660174
0.09510565162951523
0.09822872507286878
0.09980267284282712
0.09980267284282719
0.09822872507286896
0.0951056516295155
0.09048270524660217
0.08443279255020181
0.07705132427757921
0.06845471059286926
0.05877852522924765
0.048175367410171956
0.03681245526846832
0.024868988716485917
0.012533323356430943
4.165037078374178e-16
-0.01253332335642994
-0.024868988716484935
-0.03681245526846721
-0.04817536741017123
-0.058778525229246974
-0.0684547105928685
-0.07705132427757856
-0.08443279255020118
-0.0904827052466018
-0.09510565162951523
-0.09822872507286878
-0.09980267284282712
-0.0998026728428272
-0.09822872507286895
-0.0951056516295155
-0.09048270524660218
-0.08443279255020181
-0.07705132427757933
-0.06845471059286938
-0.05877852522924766
-0.04817536741017197
-0.036812455268468325
-0.0248689887164861
-0.012533323356431132
-4.287501758288913e-16
0.01253332335642993
0.024868988716484925
0.0368124552684672
0.0481753674101709
0.05877852522924696
0.06845471059286849
0.07705132427757856
0.08443279255020117
0.09048270524660165
0.09510565162951523
0.09822872507286878
0.09980267284282712
0.0998026728428272
0.098228725072869
0.09510565162951551
0.09048270524660218
0.08443279255020182
0.07705132427757934
0.0684547105928694
0.058778525229247675
0.048175367410171976
0.03681245526846834
0.024868988716486115
0.012533323356431146
4.409966438203649e-16
-0.012533323356429916
-0.024868988716484915
-0.03681245526846719
-0.048175367410170894
-0.05877852522924696
-0.06845471059286849
-0.07705132427757855
-0.08443279255020116
-0.09048270524660165
-0.09510565162951523
-0.09822872507286878
-0.09980267284282712
-0.0998026728428272
-0.098228725072869
-0.09510565162951551
-0.09048270524660218
-0.08443279255020182
-0.07705132427757935
-0.06845471059286941
-0.05877852522924768
-0.04817536741017199
-0.036812455268468346
-0.024868988716486125
-0.012533323356431156
-8.085144796918885e-16
0.0125333233564292
0.024868988716484214
0.03681245526846618
0.04817536741016964
0.05877852522924551
0.06845471059286694
0.07705132427757719
0.08443279255019982
0.09048270524660043
0.09510565162951423
0.09822872507286812
0.0998026728428269
0.09980267284282746
0.09822872507286981
0.09510565162951694
0.0904827052466043
0.0844327925502045
0.07705132427758277
0.0684547105928733
0.05877852522925258
0.048175367410177604
0.036812455268474306
0.024868988716492676
0.012533323356437864
7.926188305284364e-15
-0.012533323356422139
-0.02486898871647732
-0.03681245526845957
-0.048175367410163705
-0.05877852522923976
-0.06845471059286175
-0.07705132427757265
-0.084432792550196
-0.09048270524659756
-0.09510565162951203
-0.09822872507286684
-0.09980267284282646
-0.0998026728428279
-0.09822872507287107
-0.09510565162951913
-0.09048270524660718
-0.08443279255020832
-0.07705132427758729
-0.06845471059287848
-0.05877852522925833
-0.04817536741018352
-0.036812455268480926
-0.02486898871649957
-0.012533323356444926
-1.504386213087684e-14
0.012533323356415431
0.024868988716470426
0.03681245526845295
0.048175367410157474
0.05877852522923428
0.06845471059285656
0.07705132427756811
0.08443279255019238
0.09048270524659437
0.09510565162950983
0.09822872507286551
0.09980267284282603
0.09980267284282834
0.0982287250728724
0.09510565162952123
0.09048270524661037
0.08443279255021213
0.0770513242775916
0.06845471059288342
0.05877852522926409
0.04817536741018977
0.03681245526848721
0.024868988716506463
0.01253332335645199
2.1806264588589267e-14
-0.012533323356408013
-0.024868988716463532
-0.03681245526844666
-0.04817536741015155
-0.05877852522922823
-0.06845471059285162
-0.0770513242775638
-0.08443279255018837
-0.0904827052465915
-0.09510565162950774
-0.09822872507286423
-0.09980267284282557
-0.09980267284282877
-0.09822872507287368
-0.09510565162952353
-0.09048270524661324
-0.08443279255021575
-0.07705132427759637
-0.06845471059288886
-0.05877852522926957
-0.048175367410195694
-0.03681245526849416
-0.02486898871651301
-0.012533323356458698
-2.927920978206179e-14
0.012533323356401305
0.024868988716456982
0.036812455268440375
0.048175367410145
0.05877852522922276
0.06845471059284669
0.07705132427755904
0.08443279255018477
0.09048270524658861
0.09510565162950543
0.09822872507286284
0.09980267284282514
0.09980267284282919
0.09822872507287508
0.09510565162952561
0.09048270524661611
0.08443279255021975
0.07705132427760068
0.06845471059289379
0.05877852522927504
0.04817536741020224
0.036812455268500445
0.02486898871651956
0.012533323356466113
3.604161223977422e-14
-0.012533323356394597
-0.02486898871644974
-0.03681245526843343
-0.04817536741013907
-0.058778525229217296
-0.06845471059284124
-0.07705132427755473
-0.08443279255018113
-0.09048270524658543
-0.09510565162950335
-0.09822872507286157
-0.09980267284282471
-0.09980267284282966
-0.09822872507287635
-0.09510565162952772
-0.0904827052466193
-0.08443279255022339
-0.07705132427760499
-0.06845471059289925
-0.05877852522928108
-0.04817536741020817
-0.03681245526850673
-0.0248689887165268
-0.01253332335647282
-4.280401469748664e-14
0.012533323356387183
0.024868988716443195
0.036812455268427136
0.048175367410133146
0.058778525229211245
0.06845471059283632
0.07705132427755042
0.08443279255017713
0.09048270524658256
0.09510565162950126
0.09822872507286018
0.09980267284282424
0.09980267284283008
0.09822872507287761
0.09510565162953002
0.09048270524662218
0.08443279255022701
0.07705132427760975
0.06845471059290417
0.05877852522928655
0.04817536741021472
0.036812455268513684
0.02486898871653335
0.012533323356479529
5.0276959890959165e-14
-0.012533323356380474
-0.024868988716436644
-0.03681245526842019
-0.048175367410126596
-0.05877852522920577
-0.06845471059283138
-0.07705132427754566
-0.0844327925501735
-0.09048270524657967
-0.09510565162949895
-0.0982287250728589
-0.09980267284282382
-0.09980267284283056
-0.09822872507287901
-0.0951056516295321
-0.09048270524662506
-0.084432792550231
-0.07705132427761406
-0.0684547105929091
-0.05877852522929259
-0.04817536741022064
-0.03681245526851997
-0.024868988716539902
-0.012533323356486945
-5.703936234867159e-14
0.012533323356373763
0.024868988716430094
0.03681245526841456
0.048175367410121295
0.05877852522920031
0.06845471059282646
0.0770513242775418
0.08443279255016989
0.0904827052465768
0.09510565162949708
0.09822872507285778
0.0998026728428234
0.09980267284283094
0.09822872507288015
0.0951056516295342
0.09048270524662794
0.08443279255023425
0.07705132427761838
0.06845471059291403
0.058778525229297496
0.04817536741022594
0.03681245526852626
0.024868988716546452
0.012533323356492949
6.380176480638402e-14
-0.012533323356367055
-0.024868988716423544
-0.036812455268407616
-0.048175367410114744
-0.058778525229194835
-0.06845471059282153
-0.07705132427753703
-0.08443279255016625
-0.09048270524657391
-0.09510565162949476
-0.09822872507285638
-0.09980267284282296
-0.09980267284283136
-0.09822872507288155
-0.09510565162953628
-0.09048270524663082
-0.08443279255023825
-0.07705132427762268
-0.06845471059291895
-0.05877852522930354
-0.04817536741023249
-0.036812455268532544
-0.024868988716553003
-0.012533323356500363
-7.056416726409645e-14
0.012533323356360346
0.024868988716416306
0.03681245526840133
0.04817536741010882
0.05877852522918936
0.06845471059281609
0.07705132427753272
0.08443279255016263
0.09048270524657073
0.09510565162949268
0.0982287250728551
0.0998026728428225
0.09980267284283183
0.09822872507288281
0.09510565162953838
0.090482705246634
0.08443279255024189
0.077051324277627
0.0684547105929244
0.058778525229309014
0.04817536741023842
0.03681245526853883
0.024868988716560236
0.012533323356507071
7.732656972180887e-14
-0.012533323356352932
-0.024868988716409756
-0.03681245526839504
-0.048175367410102275
-0.05877852522918332
-0.06845471059281115
-0.07705132427752842
-0.08443279255015862
-0.09048270524656786
-0.09510565162949058
-0.0982287250728537
-0.09980267284282207
-0.09980267284283226
-0.09822872507288409
-0.09510565162954068
-0.09048270524663687
-0.0844327925502455
-0.07705132427763176
-0.06845471059292933
-0.05877852522931448
-0.04817536741024497
-0.036812455268545784
-0.024868988716566787
-0.01253332335651378
-8.47995149152814e-14
0.012533323356346224
0.024868988716403206
0.03681245526838809
0.04817536741009634
0.05877852522917785
0.06845471059280622
0.07705132427752365
0.08443279255015501
0.09048270524656497
0.09510565162948828
0.09822872507285257
0.09980267284282165
0.09980267284283273
0.09822872507288535
0.09510565162954278
0.09048270524664007
0.08443279255024913
0.07705132427763606
0.06845471059293477
0.05877852522931995
0.04817536741025089
0.03681245526855273
0.024868988716573337
0.012533323356521194
9.227246010875391e-14
-0.012533323356339512
-0.02486898871639597
-0.03681245526838247
-0.048175367410090424
-0.0587785252291718
-0.0684547105928013
-0.07705132427751935
-0.084432792550151
-0.0904827052465621
-0.0951056516294862
-0.09822872507285103
-0.09980267284282122
-0.09980267284283315
-0.09822872507288688
-0.09510565162954487
-0.09048270524664294
-0.0844327925502535
-0.07705132427764039
-0.06845471059293971
-0.05877852522932542
-0.04817536741025682
-0.03681245526855902
-0.024868988716579887
-0.012533323356527903
-9.903486256646634e-14
0.012533323356332804
0.024868988716389418
0.03681245526837486
0.04817536741008449
0.05877852522916632
0.06845471059279533
0.07705132427751503
0.08443279255014738
0.0904827052465586
0.09510565162948409
0.09822872507284977
0.0998026728428208
0.09980267284283356
0.09822872507288816
0.09510565162954696
0.09048270524664583
0.08443279255025714
0.07705132427764469
0.06845471059294464
0.05877852522933205
0.048175367410262744
0.0368124552685653
0.024868988716587815
0.012533323356534613
1.0579726502417877e-13
-0.012533323356324686
-0.024868988716382868
-0.036812455268368564
-0.04817536741007857
-0.05877852522916086
-0.06845471059279039
-0.07705132427751071
-0.08443279255014376
-0.09048270524655573
-0.09510565162948201
-0.09822872507284851
-0.0998026728428203
-0.099802672842834
-0.09822872507288942
-0.09510565162954948
-0.0904827052466487
-0.08443279255026076
-0.07705132427764991
-0.06845471059294957
-0.05877852522933751
-0.04817536741026867
-0.036812455268571596
-0.024868988716594365
-0.012533323356541321
-1.125596674818912e-13
0.012533323356317978
0.024868988716376317
0.036812455268362285
0.0481753674100714
0.05877852522915539
0.06845471059278546
0.0770513242775055
0.08443279255014013
0.09048270524655284
0.09510565162947948
0.09822872507284724
0.09980267284281985
0.09980267284283442
0.09822872507289068
0.09510565162955158
0.09048270524665158
0.08443279255026438
0.07705132427765421
0.0684547105929545
0.05877852522934299
0.04817536741027584
0.036812455268577876
0.024868988716600916
0.01253332335654944
1.1932206993960363e-13
-0.01253332335631127
-0.02486898871636839
-0.03681245526835599
-0.04817536741006547
-0.05877852522914992
-0.06845471059278053
-0.07705132427750119
-0.08443279255013651
-0.09048270524654997
-0.09510565162947739
-0.09822872507284597
-0.09980267284281943
-0.09980267284283494
-0.09822872507289195
-0.09510565162955366
-0.09048270524665507
-0.084432792550268
-0.07705132427765853
-0.06845471059296047
-0.058778525229348455
-0.04817536741028177
-0.03681245526858417
-0.024868988716607462
-0.012533323356556148
-1.2608447239731605e-13
0.012533323356304558
0.02486898871636184
0.036812455268349704
0.048175367410059546
0.0587785252291433
0.06845471059277561
0.07705132427749689
0.08443279255013213
0.0904827052465471
0.0951056516294753
0.09822872507284443
0.09980267284281902
0.09980267284283535
0.09822872507289349
0.09510565162955575
0.09048270524665794
0.08443279255027163
0.07705132427766283
0.0684547105929654
0.05877852522935393
0.04817536741028769
0.036812455268591775
0.024868988716614013
0.01253332335656286
1.342679603265487e-13
-0.01253332335629785
-0.02486898871635529
-0.0368124552683421
-0.04817536741005362
-0.058778525229137825
-0.06845471059276964
-0.07705132427749256
-0.0844327925501285
-0.09048270524654421
-0.09510565162947321
-0.09822872507284316
-0.09980267284281859
-0.09980267284283578
-0.09822872507289476
-0.09510565162955785
-0.09048270524666083
-0.08443279255027601
-0.07705132427766714
-0.06845471059297033
-0.05877852522936055
-0.04817536741029362
-0.03681245526859806
-0.02486898871662194
-0.012533323356569568
-1.410303627842611e-13
0.012533323356291141
0.024868988716348742
0.03681245526833581
0.048175367410047694
0.05877852522913235
0.06845471059276471
0.07705132427748826
0.08443279255012487
0.09048270524654073
0.09510565162947113
0.0982287250728419
0.09980267284281807
0.09980267284283621
0.09822872507289603
0.09510565162956038
0.0904827052466637
0.08443279255027963
0.07705132427767146
0.06845471059297525
0.058778525229366024
0.04817536741029954
0.03681245526860435
0.02486898871662849
0.012533323356576276
1.4779276524197352e-13
-0.012533323356283023
-0.024868988716342192
-0.03681245526832952
-0.048175367410040526
-0.05877852522912688
-0.06845471059275979
-0.07705132427748304
-0.08443279255012126
-0.09048270524653784
-0.09510565162946903
-0.09822872507284064
-0.09980267284281764
-0.09980267284283663
-0.09822872507289729
-0.09510565162956247
-0.09048270524666657
-0.08443279255028326
-0.07705132427767668
-0.06845471059298018
-0.058778525229371485
-0.048175367410306716
-0.03681245526861064
-0.02486898871663504
-0.012533323356584395
-1.5455516769968594e-13
0.012533323356276313
0.02486898871633564
0.03681245526832324
0.04817536741003459
0.058778525229121414
0.06845471059275486
0.07705132427747874
0.08443279255011764
0.09048270524653497
0.09510565162946649
0.09822872507283936
0.09980267284281723
0.09980267284283714
0.09822872507289855
0.09510565162956455
0.09048270524667007
0.08443279255028689
0.07705132427768098
0.06845471059298512
0.05877852522937696
0.04817536741031264
0.03681245526861692
0.02486898871664159
0.012533323356591103
1.6131757015739838e-13
-0.012533323356269603
-0.024868988716327714
-0.036812455268316946
-0.048175367410028674
-0.05877852522911479
-0.06845471059274992
-0.07705132427747442
-0.08443279255011325
-0.09048270524653208
-0.09510565162946441
-0.0982287250728381
-0.0998026728428168
-0.09980267284283757
-0.09822872507289981
-0.09510565162956663
-0.09048270524667296
-0.08443279255029051
-0.0770513242776853
-0.06845471059299107
-0.05877852522938243
-0.04817536741031857
-0.03681245526862453
-0.024868988716648138
-0.012533323356597815
-1.69501058086631e-13
0.012533323356262893
0.024868988716321164
0.03681245526831066
0.04817536741002274
0.05877852522910933
0.068454710592745
0.07705132427747012
0.08443279255010962
0.09048270524652921
0.09510565162946233
0.09822872507283657
0.09980267284281637
0.099802672842838
0.09822872507290135
0.09510565162956873
0.09048270524667583
0.0844327925502949
0.07705132427768961
0.068454710592996
0.0587785252293879
0.04817536741032449
0.03681245526863083
0.02486898871665469
0.012533323356604523
1.7626346054434344e-13
-0.012533323356256185
-0.024868988716314613
-0.036812455268303054
-0.04817536741001682
-0.05877852522910385
-0.06845471059273903
-0.0770513242774658
-0.084432792550106
-0.09048270524652573
-0.09510565162946023
-0.0982287250728353
-0.09980267284281595
-0.09980267284283842
-0.09822872507290262
-0.09510565162957083
-0.0904827052466787
-0.08443279255029851
-0.07705132427769391
-0.06845471059300094
-0.05877852522939452
-0.04817536741033042
-0.036812455268637106
-0.024868988716662616
-0.012533323356611233
-1.8302586300205586e-13
0.012533323356248066
0.024868988716308063
0.03681245526829676
0.04817536741001089
0.05877852522909838
0.0684547105927341
0.07705132427746149
0.08443279255010237
0.09048270524652285
0.09510565162945815
0.09822872507283403
0.09980267284281544
0.09980267284283884
0.0982287250729039
0.09510565162957335
0.09048270524668159
0.08443279255030213
0.07705132427769913
0.06845471059300587
0.0587785252294
0.048175367410336345
0.0368124552686434
0.024868988716669167
0.01253332335661794
1.8978826545976828e-13
-0.012533323356241358
-0.024868988716301516
-0.036812455268290474
-0.04817536741000372
-0.05877852522909291
-0.06845471059272916
-0.07705132427745627
-0.08443279255009875
-0.09048270524651997
-0.09510565162945561
-0.09822872507283276
-0.09980267284281502
-0.09980267284283928
-0.09822872507290516
-0.09510565162957545
-0.09048270524668446
-0.08443279255030577
-0.07705132427770345
-0.0684547105930108
-0.058778525229405465
-0.04817536741034352
-0.03681245526864969
-0.024868988716675717
-0.01253332335662606
-1.9655066791748072e-13
0.01253332335623465
0.02486898871629359
0.03681245526828419
0.048175367409997796
0.05877852522908744
0.06845471059272423
0.07705132427745197
0.08443279255009513
0.09048270524651708
0.09510565162945353
0.0982287250728315
0.09980267284281458
0.09980267284283978
0.09822872507290642
0.09510565162957753
0.09048270524668794
0.08443279255030939
0.07705132427770775
0.06845471059301676
0.05877852522941093
0.048175367410349446
0.03681245526865597
0.024868988716682267
0.012533323356632771
2.0331307037519314e-13
-0.012533323356227938
-0.024868988716287038
-0.0368124552682779
-0.04817536740999187
-0.058778525229080815
-0.0684547105927193
-0.07705132427744765
-0.08443279255009074
-0.09048270524651421
-0.09510565162945143
-0.09822872507282997
-0.09980267284281416
-0.09980267284284021
-0.0982287250729077
-0.09510565162957962
-0.09048270524669083
-0.08443279255031301
-0.07705132427771207
-0.0684547105930217
-0.0587785252294164
-0.04817536741035537
-0.03681245526866358
-0.024868988716688818
-0.012533323356639479
-2.1149655830442577e-13
0.01253332335622123
0.024868988716280488
0.03681245526827029
0.048175367409985945
0.05877852522907534
0.06845471059271438
0.07705132427744334
0.08443279255008712
0.09048270524651134
0.09510565162944934
0.0982287250728287
0.09980267284281374
0.09980267284284063
0.09822872507290922
0.0951056516295817
0.0904827052466937
0.0844327925503174
0.07705132427771638
0.06845471059302663
0.058778525229423034
0.0481753674103613
0.03681245526866987
0.024868988716696742
0.012533323356646187
2.182589607621382e-13
-0.012533323356214522
-0.024868988716273938
-0.03681245526826401
-0.04817536740998002
-0.05877852522906988
-0.06845471059270841
-0.07705132427743903
-0.0844327925500835
-0.09048270524650785
-0.09510565162944726
-0.09822872507282743
-0.09980267284281323
-0.09980267284284106
-0.09822872507291049
-0.09510565162958423
-0.09048270524669659
-0.08443279255032102
-0.07705132427772068
-0.06845471059303156
-0.058778525229428495
-0.04817536741036722
-0.03681245526867615
-0.024868988716703292
-0.012533323356652895
-2.2502136321985063e-13
0.012533323356206404
0.024868988716267387
0.036812455268257716
0.048175367409972844
0.058778525229064404
0.06845471059270349
0.07705132427743382
0.08443279255007988
0.09048270524650497
0.09510565162944518
0.09822872507282615
0.0998026728428128
0.09980267284284149
0.09822872507291175
0.09510565162958633
0.09048270524669946
0.08443279255032464
0.0770513242777259
0.06845471059303648
0.058778525229432825
0.0481753674103744
0.036812455268682445
0.024868988716708465
0.012533323356661014
2.3178376567756303e-13
-0.012533323356201104
-0.024868988716259463
-0.03681245526825143
-0.04817536740996817
-0.05877852522905778
-0.06845471059269856
-0.07705132427743042
-0.08443279255007549
-0.0904827052465021
-0.09510565162944307
-0.09822872507282462
-0.09980267284281237
-0.0998026728428419
-0.0982287250729133
-0.09510565162958842
-0.09048270524670235
-0.08443279255032902
-0.0770513242777302
-0.06845471059304141
-0.05877852522944058
-0.04817536741038032
-0.03681245526868873
-0.02486898871671777
-0.012533323356667726
-2.3854616813527544e-13
0.012533323356194392
0.024868988716252913
0.03681245526824514
0.04817536740996224
0.05877852522905232
0.06845471059269363
0.0770513242774261
0.08443279255007186
0.0904827052464992
0.09510565162944098
0.09822872507282336
0.09980267284281195
0.09980267284284233
0.09822872507291457
0.0951056516295905
0.09048270524670522
0.08443279255033265
0.07705132427773452
0.06845471059304635
0.05877852522944606
0.04817536741038625
0.03681245526869502
0.02486898871672432
0.012533323356674434
2.453085705929879e-13
-0.012533323356184865
-0.024868988716246362
-0.036812455268238856
-0.04817536740995382
-0.05877852522904684
-0.06845471059268869
-0.07705132427741998
-0.08443279255006825
-0.09048270524649632
-0.0951056516294389
-0.0982287250728221
-0.09980267284281152
-0.09980267284284276
-0.09822872507291583
-0.0951056516295926
-0.0904827052467081
-0.08443279255033627
-0.07705132427773884
-0.06845471059305128
-0.05877852522945153
-0.04817536741039217
-0.036812455268701305
-0.02486898871673087
-0.012533323356681142
-2.520709730507003e-13
0.012533323356178155
0.024868988716239812
0.03681245526823257
0.0481753674099479
0.05877852522904137
0.06845471059268377
0.07705132427741568
0.08443279255006463
0.09048270524649345
0.09510565162943593
0.09822872507282082
0.0998026728428111
0.09980267284284336
0.09822872507291709
0.09510565162959468
0.0904827052467122
0.08443279255033989
0.07705132427774314
0.0684547105930562
0.05877852522945701
0.0481753674103981
0.0368124552687076
0.024868988716737418
0.012533323356687852
2.5883337550841275e-13
-0.012533323356171447
-0.024868988716233262
-0.03681245526822628
-0.048175367409941966
-0.0587785252290359
-0.06845471059267884
-0.07705132427741135
-0.08443279255006099
-0.09048270524649057
-0.09510565162943384
-0.09822872507281956
-0.09980267284281068
-0.09980267284284378
-0.09822872507291835
-0.09510565162959678
-0.09048270524671508
-0.08443279255034353
-0.07705132427774745
-0.0684547105930632
-0.058778525229462475
-0.04817536741040402
-0.03681245526871652
-0.024868988716743968
-0.01253332335669456
-2.6843794890916556e-13
0.012533323356164739
0.02486898871622671
0.03681245526821735
0.04817536740993605
0.05877852522903043
0.06845471059267391
0.07705132427740705
0.08443279255005737
0.09048270524648769
0.09510565162943174
0.0982287250728183
0.09980267284281025
0.09980267284284422
0.09822872507291963
0.09510565162959887
0.09048270524671795
0.08443279255034714
0.07705132427775176
0.06845471059306814
0.05877852522946794
0.04817536741040995
0.03681245526872281
0.024868988716750518
0.012533323356701272
2.75200351366878e-13
-0.012533323356158027
-0.02486898871622016
-0.03681245526821106
-0.048175367409930114
-0.058778525229024964
-0.0684547105926669
-0.07705132427740274
-0.08443279255005375
-0.09048270524648361
-0.09510565162942966
-0.09822872507281703
-0.09980267284280965
-0.09980267284284464
-0.0982287250729209
-0.09510565162960095
-0.09048270524672083
-0.08443279255035077
-0.07705132427775607
-0.06845471059307306
-0.05877852522947341
-0.04817536741041587
-0.0368124552687291
-0.02486898871675707
-0.01253332335670798
-2.8196275382459044e-13
0.01253332335615132
0.024868988716213614
0.03681245526820478
0.048175367409924195
0.05877852522901949
0.06845471059266198
0.07705132427739843
0.08443279255005012
0.09048270524648072
0.09510565162942758
0.09822872507281576
0.09980267284280922
0.09980267284284505
0.09822872507292216
0.09510565162960392
0.09048270524672371
0.0844327925503544
0.07705132427776219
0.06845471059307799
0.058778525229478885
0.04817536741042429
0.03681245526873538
0.02486898871676362
0.012533323356714688
2.887251562823028e-13
-0.012533323356144611
-0.024868988716207064
-0.036812455268198485
-0.04817536740991826
-0.058778525229014014
-0.06845471059265705
-0.07705132427739411
-0.0844327925500465
-0.09048270524647783
-0.09510565162942548
-0.0982287250728145
-0.0998026728428088
-0.09980267284284548
-0.09822872507292343
-0.095105651629606
-0.09048270524672658
-0.08443279255035802
-0.07705132427776651
-0.06845471059308293
-0.05877852522948436
-0.048175367410430214
-0.036812455268741676
-0.02486898871677017
-0.012533323356724217
-2.954875587400153e-13
0.012533323356137903
0.024868988716197762
0.0368124552681922
0.048175367409912344
0.05877852522900624
0.06845471059265211
0.07705132427738981
0.08443279255004288
0.09048270524647496
0.09510565162942339
0.09822872507281322
0.09980267284280837
0.09980267284284591
0.0982287250729247
0.0951056516296081
0.09048270524672947
0.08443279255036164
0.07705132427777082
0.06845471059308786
0.05877852522948982
0.04817536741043615
0.03681245526874796
0.02486898871677672
0.012533323356730925
3.022499611977277e-13
-0.012533323356131193
-0.024868988716191212
-0.03681245526818591
-0.04817536740990641
-0.05877852522900078
-0.06845471059264718
-0.0770513242773855
-0.08443279255003773
-0.09048270524647209
-0.0951056516294213
-0.09822872507281143
-0.09980267284280796
-0.09980267284284633
-0.0982287250729265
-0.0951056516296102
-0.09048270524673235
-0.08443279255036526
-0.07705132427777513
-0.06845471059309279
-0.058778525229495296
-0.048175367410442066
-0.03681245526875425
-0.02486898871678327
-0.012533323356737633
-3.090123636554401e-13
0.012533323356124483
0.024868988716184662
0.036812455268179625
0.04817536740990049
0.05877852522899531
0.06845471059264226
0.07705132427738119
0.08443279255003411
0.0904827052464692
0.09510565162941921
0.09822872507281016
0.09980267284280753
0.09980267284284676
0.09822872507292776
0.09510565162961228
0.09048270524673523
0.08443279255037041
0.07705132427777944
0.06845471059309771
0.05877852522950307
0.048175367410448
0.036812455268760536
0.02486898871679257
0.012533323356744345
3.1577476611315253e-13
-0.012533323356117773
-0.02486898871617811
-0.03681245526817334
-0.04817536740989456
-0.05877852522898983
-0.06845471059263733
-0.07705132427737688
-0.08443279255003049
-0.09048270524646633
-0.09510565162941713
-0.09822872507280889
-0.0998026728428071
-0.09980267284284718
-0.09822872507292903
-0.09510565162961437
-0.09048270524673811
-0.08443279255037403
-0.07705132427778374
-0.06845471059310264
-0.05877852522950854
-0.04817536741045392
-0.03681245526876683
-0.02486898871679912
-0.012533323356751053
-3.22537168570865e-13
0.012533323356108246
0.02486898871617156
0.03681245526816705
0.04817536740988615
0.05877852522898436
0.0684547105926324
0.07705132427737076
0.08443279255002686
0.09048270524646346
0.09510565162941503
0.09822872507280762
0.09980267284280668
0.0998026728428476
0.09822872507293029
0.09510565162961647
0.09048270524674099
0.08443279255037767
0.07705132427778806
0.06845471059310758
0.05877852522951402
0.04817536741045985
0.03681245526877311
0.024868988716805672
0.012533323356757761
3.292995710285774e-13
-0.012533323356101536
-0.02486898871616501
-0.03681245526816076
-0.048175367409880224
-0.05877852522897889
-0.06845471059262746
-0.07705132427736644
-0.08443279255002323
-0.09048270524646057
-0.09510565162941206
-0.09822872507280636
-0.09980267284280625
-0.09980267284284822
-0.09822872507293157
-0.09510565162961855
-0.09048270524674507
-0.08443279255038127
-0.07705132427779238
-0.0684547105931125
-0.05877852522951948
-0.04817536741046577
-0.0368124552687794
-0.024868988716812222
-0.012533323356764471
-3.3606197348628983e-13
0.012533323356094828
0.02486898871615846
0.03681245526815448
0.0481753674098743
0.05877852522897342
0.06845471059262254
0.07705132427736212
0.08443279255001962
0.09048270524645768
0.09510565162940998
0.09822872507280508
0.09980267284280582
0.09980267284284863
0.09822872507293283
0.09510565162962065
0.09048270524674795
0.0844327925503849
0.07705132427779668
0.0684547105931195
0.05877852522952495
0.0481753674104717
0.03681245526878833
0.024868988716818773
0.01253332335677118
3.4566654688704264e-13
-0.012533323356088116
-0.02486898871615191
-0.036812455268148185
-0.04817536740986837
-0.058778525228967954
-0.06845471059261761
-0.07705132427735782
-0.08443279255001598
-0.09048270524645481
-0.09510565162940789
-0.09822872507280382
-0.0998026728428054
-0.09980267284284905
-0.0982287250729341
-0.09510565162962273
-0.09048270524675084
-0.08443279255038852
-0.07705132427780098
-0.06845471059312443
-0.05877852522953042
-0.04817536741047762
-0.03681245526879461
-0.024868988716825323
-0.012533323356777891
-3.5242894934475506e-13
0.012533323356081408
0.02486898871614536
0.036812455268139255
0.048175367409862446
0.05877852522896248
0.06845471059261062
0.0770513242773535
0.08443279255001236
0.09048270524645072
0.09510565162940579
0.09822872507280256
0.09980267284280481
0.0998026728428495
0.09822872507293537
0.09510565162962481
0.09048270524675371
0.08443279255039216
0.07705132427780531
0.06845471059312935
0.058778525229535895
0.048175367410483554
0.036812455268800906
0.024868988716831873
0.012533323356784599
3.5919135180246753e-13
-0.0125333233560747
-0.02486898871613881
-0.036812455268132975
-0.04817536740985652
-0.058778525228957004
-0.06845471059260569
-0.0770513242773492
-0.08443279255000874
-0.09048270524644784
-0.09510565162940371
-0.09822872507280128
-0.09980267284280438
-0.09980267284284991
-0.09822872507293663
-0.0951056516296278
-0.0904827052467566
-0.08443279255039576
-0.07705132427781142
-0.06845471059313428
-0.058778525229541356
-0.04817536741049197
-0.03681245526880719
-0.02486898871683842
-0.012533323356791307
-3.659537542601799e-13
0.012533323356067992
0.02486898871613226
0.03681245526812668
0.048175367409850595
0.05877852522895154
0.06845471059260076
0.07705132427734489
0.08443279255000512
0.09048270524644497
0.09510565162940161
0.09822872507280002
0.09980267284280395
0.09980267284285033
0.0982287250729379
0.09510565162962988
0.09048270524675947
0.0844327925503994
0.07705132427781573
0.06845471059313922
0.05877852522954683
0.04817536741049789
0.03681245526881348
0.02486898871684497
0.012533323356800836
3.7271615671789236e-13
-0.012533323356061284
-0.02486898871612296
-0.036812455268120395
-0.04817536740984466
-0.05877852522894377
-0.06845471059259582
-0.07705132427734057
-0.0844327925500015
-0.09048270524644209
-0.09510565162939953
-0.09822872507279876
-0.09980267284280353
-0.09980267284285076
-0.09822872507293917
-0.09510565162963197
-0.09048270524676234
-0.08443279255040302
-0.07705132427782005
-0.06845471059314415
-0.058778525229552306
-0.04817536741050382
-0.036812455268819766
-0.02486898871685152
-0.012533323356807544
-3.7947855917560483e-13
0.012533323356054572
0.02486898871611641
0.03681245526811411
0.04817536740983874
0.0587785252289383
0.0684547105925909
0.07705132427733627
0.08443279254999636
0.0904827052464392
0.09510565162939744
0.09822872507279695
0.0998026728428031
0.09980267284285119
0.09822872507294096
0.09510565162963405
0.09048270524676523
0.08443279255040664
0.07705132427782435
0.06845471059314907
0.05877852522955778
0.04817536741050974
0.03681245526882606
0.02486898871685807
0.012533323356814256
3.862409616333172e-13
-0.012533323356047864
-0.02486898871610986
-0.03681245526810782
-0.04817536740983281
-0.05877852522893282
-0.06845471059258597
-0.07705132427733195
-0.08443279254999272
-0.09048270524643633
-0.09510565162939534
-0.09822872507279568
-0.09980267284280268
-0.0998026728428516
-0.09822872507294222
-0.09510565162963615
-0.0904827052467681
-0.08443279255041179
-0.07705132427782867
-0.068454710593154
-0.05877852522956555
-0.048175367410515674
-0.03681245526883234
-0.024868988716867376
-0.012533323356820964
-3.930033640910296e-13
0.012533323356041154
0.02486898871610606
0.03681245526810417
0.04817536740983187
0.05877852522893426
0.06845471059258933
0.0770513242773349
0.08443279254999825
0.0904827052464407
0.09510565162939941
0.09822872507279867
0.09980267284280386
0.09980267284285042
0.09822872507293764
0.09510565162962858
0.09048270524675768
0.08443279255039561
0.07705132427780942
0.06845471059312994
0.05877852522953653
0.04817536741048175
0.03681245526879635
0.024868988716824372
0.012533323356776916
3.457645186309744e-13
-0.01253332335608802
-0.024868988716154568
-0.03681245526815074
-0.048175367409873264
-0.05877852522897477
-0.06845471059262376
-0.07705132427736681
-0.08443279255002356
-0.09048270524646203
-0.095105651629414
-0.09822872507280805
-0.09980267284280682
-0.09980267284284727
-0.09822872507292879
-0.0951056516296131
-0.09048270524673635
-0.0844327925503703
-0.0770513242777775
-0.06845471059309549
-0.058778525229496004
-0.04817536741044035
-0.03681245526874979
-0.024868988716778617
-0.01253332335672723
-2.9852567317091926e-13
0.012533323356137709
0.024868988716200323
0.036812455268197306
0.04817536740991715
0.058778525229012994
0.06845471059266027
0.07705132427739693
0.08443279255005039
0.09048270524648214
0.09510565162942948
0.09822872507281692
0.09980267284280997
0.09980267284284432
0.09822872507291941
0.0951056516295985
0.09048270524671503
0.08443279255034347
0.0770513242777474
0.06845471059305899
0.05877852522945779
0.048175367410396464
0.036812455268705864
0.02486898871673011
0.012533323356680365
2.4844465676782366e-13
-0.012533323356184574
-0.024868988716248833
-0.03681245526824122
-0.048175367409961034
-0.0587785252290535
-0.0684547105926947
-0.07705132427742885
-0.0844327925500757
-0.09048270524650347
-0.09510565162944408
-0.0982287250728263
-0.09980267284281294
-0.09980267284284117
-0.09822872507291056
-0.09510565162958302
-0.09048270524669492
-0.08443279255031663
-0.07705132427771547
-0.06845471059302455
-0.05877852522941728
-0.048175367410355066
-0.036812455268659304
-0.024868988716684356
-0.012533323356630677
-2.0120581130776848e-13
0.012533323356234258
0.024868988716294588
0.03681245526828779
0.04817536741000243
0.05877852522909402
0.06845471059273121
0.07705132427745896
0.08443279255010254
0.09048270524652358
0.09510565162945955
0.09822872507283514
0.09980267284281608
0.09980267284283821
0.09822872507290117
0.09510565162956842
0.0904827052466736
0.08443279255029132
0.07705132427768355
0.06845471059298805
0.058778525229379056
0.048175367410311185
0.036812455268615374
0.024868988716635846
0.012533323356583812
1.5112479490467285e-13
-0.012533323356281127
-0.024868988716343094
-0.036812455268331705
-0.04817536741004632
-0.05877852522913224
-0.06845471059276771
-0.07705132427749088
-0.08443279255012785
-0.09048270524654489
-0.09510565162947415
-0.09822872507284452
-0.09980267284281905
-0.09980267284283506
-0.09822872507289232
-0.09510565162955295
-0.09048270524665347
-0.08443279255026448
-0.07705132427765343
-0.06845471059295154
-0.058778525229338546
-0.04817536741026979
-0.036812455268568814
-0.024868988716590094
-0.012533323356534128
-1.0388594944461767e-13
0.012533323356330811
0.02486898871638885
0.03681245526837828
0.04817536741008771
0.058778525229172755
0.06845471059280216
0.07705132427752281
0.08443279255015468
0.09048270524656502
0.09510565162948963
0.09822872507285339
0.09980267284282218
0.09980267284283209
0.09822872507288294
0.09510565162953835
0.09048270524663216
0.08443279255023917
0.07705132427762151
0.0684547105929171
0.05877852522929803
0.048175367410225906
0.03681245526852489
0.024868988716541585
0.012533323356487259
5.380493304152208e-14
-0.01253332335637768
-0.024868988716437355
-0.036812455268422195
-0.0481753674101316
-0.05877852522921097
-0.06845471059283866
-0.07705132427755292
-0.08443279255018152
-0.09048270524658635
-0.09510565162950423
-0.09822872507286277
-0.09980267284282515
-0.09980267284282895
-0.09822872507287408
-0.09510565162952288
-0.09048270524661205
-0.08443279255021234
-0.0770513242775914
-0.0684547105928806
-0.058778525229259804
-0.04817536741018202
-0.03681245526847833
-0.02486898871649583
-0.012533323356437573
-6.566087581466896e-15
0.012533323356427366
0.02486898871648311
0.03681245526846876
0.048175367410172996
0.05877852522925149
0.0684547105928731
0.07705132427758483
0.08443279255020682
0.09048270524660766
0.0951056516295197
0.09822872507287161
0.0998026728428283
0.09980267284282598
0.0982287250728647
0.09510565162950829
0.09048270524659072
0.08443279255018703
0.07705132427755948
0.06845471059284616
0.058778525229219294
0.04817536741014061
0.036812455268431764
0.024868988716447323
0.012533323356390708
-4.3514928821628696e-14
-0.012533323356474231
-0.02486898871653162
-0.03681245526851268
-0.048175367410216885
-0.0587785252292897
-0.0684547105929096
-0.07705132427761495
-0.08443279255023367
-0.09048270524662777
-0.09510565162953517
-0.09822872507288101
-0.09980267284283127
-0.09980267284282283
-0.09822872507285585
-0.0951056516294928
-0.09048270524657061
-0.08443279255016019
-0.07705132427752936
-0.06845471059280965
-0.05877852522918108
-0.04817536741009673
-0.03681245526838784
-0.024868988716398813
-0.01253332335634102
9.075377428168388e-14
0.012533323356523919
0.024868988716577375
0.036812455268559245
0.048175367410258275
0.05877852522933022
0.06845471059294404
0.07705132427764688
0.08443279255025898
0.0904827052466491
0.09510565162954977
0.09822872507289039
0.09980267284283441
0.09980267284281968
0.09822872507284647
0.0951056516294782
0.09048270524654928
0.08443279255013487
0.07705132427749745
0.06845471059277522
0.05877852522914056
0.04817536741005534
0.03681245526834128
0.024868988716353062
0.012533323356291336
-1.4083479068477948e-13
-0.012533323356573603
-0.024868988716625882
-0.03681245526860317
-0.048175367410302164
-0.05877852522936844
-0.06845471059298054
-0.07705132427767698
-0.0844327925502858
-0.09048270524666921
-0.09510565162956525
-0.09822872507289925
-0.09980267284283756
-0.09980267284281673
-0.09822872507283709
-0.09510565162946273
-0.09048270524652917
-0.08443279255010805
-0.07705132427746733
-0.06845471059273871
-0.058778525229102346
-0.04817536741001145
-0.03681245526829736
-0.024868988716304552
-0.01253332335624447
1.9091580708787508e-13
0.012533323356620468
0.024868988716674388
0.03681245526864973
0.04817536741034356
0.058778525229408955
0.06845471059301499
0.0770513242777089
0.08443279255031111
0.09048270524669054
0.09510565162957985
0.09822872507290863
0.09980267284284053
0.09980267284281358
0.09822872507282823
0.09510565162944726
0.09048270524650785
0.08443279255008274
0.07705132427743541
0.06845471059270428
0.05877852522906183
0.048175367409970055
0.03681245526825079
0.024868988716258797
0.012533323356194781
-2.3815465254793026e-13
-0.012533323356670158
-0.024868988716720143
-0.036812455268696295
-0.04817536741038744
-0.05877852522944717
-0.06845471059305148
-0.07705132427773903
-0.08443279255033796
-0.09048270524671065
-0.09510565162959533
-0.09822872507291748
-0.09980267284284366
-0.09980267284281062
-0.09822872507281884
-0.09510565162943266
-0.09048270524648652
-0.0844327925500559
-0.0770513242774053
-0.06845471059266776
-0.058778525229023604
-0.04817536740992617
-0.03681245526820687
-0.02486898871621029
-0.012533323356147916
2.8823566895102586e-13
0.012533323356717023
0.024868988716768653
0.03681245526874022
0.04817536741043133
0.05877852522948769
0.06845471059308593
0.07705132427777095
0.08443279255036326
0.09048270524673196
0.09510565162960992
0.09822872507292686
0.09980267284284663
0.09980267284280747
0.09822872507281
0.09510565162941718
0.0904827052464664
0.08443279255002906
0.07705132427737338
0.06845471059263333
0.058778525228983095
0.04817536740988477
0.03681245526816031
0.024868988716164536
0.012533323356098231
-3.35474514411081e-13
-0.012533323356766707
-0.024868988716814408
-0.036812455268786785
-0.04817536741047273
-0.0587785252295282
-0.06845471059312243
-0.07705132427780105
-0.0844327925503901
-0.09048270524675209
-0.09510565162962539
-0.09822872507293572
-0.09980267284284977
-0.0998026728428045
-0.09822872507280062
-0.09510565162940258
-0.09048270524644508
-0.08443279255000374
-0.07705132427734146
-0.06845471059259682
-0.05877852522894488
-0.04817536740984089
-0.036812455268116384
-0.02486898871611603
-0.012533323356051363
3.855555308141766e-13
